
29;30;27;28

122;120;119;116;117
14;26;25;20;19;13;22;23
0;2;167;166;169;168;164;165


77;75;79;12;10;11;76;65;33;32;4;74;73
95;5;78;151;153
43;56;55;46;59;41;31;24;17;16;3
7
60;61;48;45;51;42;54;49;53;170;152
72
135;136;134;132;137;133;127
144;145
150;149

63;62
18
162
47;57;40;58;52;171
112;114;100;99;102;103;101
66;67;71;70;69
139;138;140;141;142;143
9;8;6
91
50;44
146


15;21;64
115;113;39;37;38

98;97;104;163;90;89;80;82
159;161;158;160;154
157;155;156



68
34;35;36;1
81;88;84;83;87;86;172;85
110;105;108;107;111
109;106;94;93;96
92
123;121;118;124;126;125;128;130;129;131







148;147

