14;16;12;11;15;13;79
163;162;152;160;27;31;28
136;132;146;135
151;115;149;3;150;114;161
122;130;129;143;124
71;49;55;96;83
145;131;147;127
133;123;141;126
53;23;1;108;25;75;89
106;18;65;51;99;82
45;47;46;80;77
86;64;58;91;78

60;85;43;84;81
128;137;138;144;134
107;20;54;95;102
69;52;104;97;73
22;105;21;70;109;165
140;142;139;166;125
7;110;56;9;57;44
0;62;61;87;74;164
72;19;67;93;101
111;112;113;148;41;32
26;48;17;92;98
35;29;34;38;36
121;120;117;116;4;118;119;42;37;33
153;156;155;159;157;154;158
10;2;103;68
6;40;8;39;30
63;88;59;5;90;76
50;24;66;94;100


