
27;29;28;30
24;16;17;31;3
133;136;134;138;139;142;141;140
25
169;0;164;165;2;166;168;167

153;151
74;73;4;33;32
81;82;163;90;89;78
56;55;52;42
9
63;62;61
70;72
118;122;123;120;116;119;117;124
150;149
170;45;48;54;51;59;47;57;40;46;43;49;41;53;58;60


26;20;19;14
155;156;157
98;114
88;83;84;80;85;86;87;37;38;39;171
113;100;101;99;22;23;18;21
121
6;8;7;15
128;131;130;129
44;50
146;148;147


64

145;144;162;152
104
158;160;159;161;154
102;172;5;115


132;135;137;143

36;1;34;35
108;106;107;110;105;173;103
96;93;97;94;95
92;111;109;112;91;66;67;68;71;69

126;127;125

65;76;75;77;10;11;12;79






13
