Machines;Jobs;Maintenance;
2;12;2

R
0;0;

P
10.004540390499999;5.5368094528333325;44.15909866783333;23.66154999383333;16.202068925666666;25.777387055166663;12.570342541166665;15.85871511683333;14.281831592666665;11.050561794833332;41.300702637833325;16.670479703666665;
10.004540390499999;5.5368094528333325;44.15909866783333;23.66154999383333;16.202068925666666;25.777387055166663;12.570342541166665;15.85871511683333;14.281831592666665;11.050561794833332;41.300702637833325;16.670479703666665;

PM
7.993111388535756;0;
0;8.006018002673992;

ELEG
1;1;1;1;1;1;1;1;1;1;1;1;
1;1;1;1;1;1;1;1;1;1;1;1;

ELEG_PM
1;0;
0;1;

MDS
0.13333333333333333;0.13333333333333333;0.13333333333333333;0.13333333333333333;0.13333333333333333;0.13333333333333333;0.13333333333333333;0.13333333333333333;0.13333333333333333;0.13333333333333333;0.13333333333333333;0.13333333333333333;
0.13333333333333333;0.13333333333333333;0.13333333333333333;0.13333333333333333;0.13333333333333333;0.13333333333333333;0.13333333333333333;0.13333333333333333;0.13333333333333333;0.13333333333333333;0.13333333333333333;0.13333333333333333;

SDS
M_0
0.13333333333333333;1.7999999999999998;1.7999999999999998;3.4666666666666663;3.4666666666666663;3.4666666666666663;3.4666666666666663;3.4666666666666663;1.7999999999999998;1.7999999999999998;1.7999999999999998;1.7999999999999998;
1.7999999999999998;0.13333333333333333;0.7999999999999999;3.4666666666666663;3.4666666666666663;3.4666666666666663;3.4666666666666663;3.4666666666666663;1.7999999999999998;0.7999999999999999;1.7999999999999998;1.7999999999999998;
1.7999999999999998;0.7999999999999999;0.13333333333333333;3.4666666666666663;3.4666666666666663;3.4666666666666663;3.4666666666666663;3.4666666666666663;1.7999999999999998;0.7999999999999999;1.7999999999999998;1.7999999999999998;
3.4666666666666663;3.4666666666666663;3.4666666666666663;0.13333333333333333;3.4666666666666663;0.13333333333333333;3.4666666666666663;3.4666666666666663;3.4666666666666663;3.4666666666666663;3.4666666666666663;3.4666666666666663;
3.4666666666666663;3.4666666666666663;3.4666666666666663;3.4666666666666663;0.13333333333333333;3.4666666666666663;1.7999999999999998;1.7999999999999998;3.4666666666666663;3.4666666666666663;3.4666666666666663;3.4666666666666663;
3.4666666666666663;3.4666666666666663;3.4666666666666663;0.13333333333333333;3.4666666666666663;0.13333333333333333;3.4666666666666663;3.4666666666666663;3.4666666666666663;3.4666666666666663;3.4666666666666663;3.4666666666666663;
3.4666666666666663;3.4666666666666663;3.4666666666666663;3.4666666666666663;1.7999999999999998;3.4666666666666663;0.13333333333333333;0.7999999999999999;3.4666666666666663;3.4666666666666663;3.4666666666666663;3.4666666666666663;
3.4666666666666663;3.4666666666666663;3.4666666666666663;3.4666666666666663;1.7999999999999998;3.4666666666666663;0.7999999999999999;0.13333333333333333;3.4666666666666663;3.4666666666666663;3.4666666666666663;3.4666666666666663;
1.7999999999999998;1.7999999999999998;1.7999999999999998;3.4666666666666663;3.4666666666666663;3.4666666666666663;3.4666666666666663;3.4666666666666663;0.13333333333333333;1.7999999999999998;1.7999999999999998;0.13333333333333333;
1.7999999999999998;0.7999999999999999;0.7999999999999999;3.4666666666666663;3.4666666666666663;3.4666666666666663;3.4666666666666663;3.4666666666666663;1.7999999999999998;0.13333333333333333;1.7999999999999998;1.7999999999999998;
1.7999999999999998;1.7999999999999998;1.7999999999999998;3.4666666666666663;3.4666666666666663;3.4666666666666663;3.4666666666666663;3.4666666666666663;1.7999999999999998;1.7999999999999998;0.13333333333333333;1.7999999999999998;
1.7999999999999998;1.7999999999999998;1.7999999999999998;3.4666666666666663;3.4666666666666663;3.4666666666666663;3.4666666666666663;3.4666666666666663;0.13333333333333333;1.7999999999999998;1.7999999999999998;0.13333333333333333;

M_1
0.13333333333333333;1.7999999999999998;1.7999999999999998;3.4666666666666663;3.4666666666666663;3.4666666666666663;3.4666666666666663;3.4666666666666663;1.7999999999999998;1.7999999999999998;1.7999999999999998;1.7999999999999998;
1.7999999999999998;0.13333333333333333;0.7999999999999999;3.4666666666666663;3.4666666666666663;3.4666666666666663;3.4666666666666663;3.4666666666666663;1.7999999999999998;0.7999999999999999;1.7999999999999998;1.7999999999999998;
1.7999999999999998;0.7999999999999999;0.13333333333333333;3.4666666666666663;3.4666666666666663;3.4666666666666663;3.4666666666666663;3.4666666666666663;1.7999999999999998;0.7999999999999999;1.7999999999999998;1.7999999999999998;
3.4666666666666663;3.4666666666666663;3.4666666666666663;0.13333333333333333;3.4666666666666663;0.13333333333333333;3.4666666666666663;3.4666666666666663;3.4666666666666663;3.4666666666666663;3.4666666666666663;3.4666666666666663;
3.4666666666666663;3.4666666666666663;3.4666666666666663;3.4666666666666663;0.13333333333333333;3.4666666666666663;1.7999999999999998;1.7999999999999998;3.4666666666666663;3.4666666666666663;3.4666666666666663;3.4666666666666663;
3.4666666666666663;3.4666666666666663;3.4666666666666663;0.13333333333333333;3.4666666666666663;0.13333333333333333;3.4666666666666663;3.4666666666666663;3.4666666666666663;3.4666666666666663;3.4666666666666663;3.4666666666666663;
3.4666666666666663;3.4666666666666663;3.4666666666666663;3.4666666666666663;1.7999999999999998;3.4666666666666663;0.13333333333333333;0.7999999999999999;3.4666666666666663;3.4666666666666663;3.4666666666666663;3.4666666666666663;
3.4666666666666663;3.4666666666666663;3.4666666666666663;3.4666666666666663;1.7999999999999998;3.4666666666666663;0.7999999999999999;0.13333333333333333;3.4666666666666663;3.4666666666666663;3.4666666666666663;3.4666666666666663;
1.7999999999999998;1.7999999999999998;1.7999999999999998;3.4666666666666663;3.4666666666666663;3.4666666666666663;3.4666666666666663;3.4666666666666663;0.13333333333333333;1.7999999999999998;1.7999999999999998;0.13333333333333333;
1.7999999999999998;0.7999999999999999;0.7999999999999999;3.4666666666666663;3.4666666666666663;3.4666666666666663;3.4666666666666663;3.4666666666666663;1.7999999999999998;0.13333333333333333;1.7999999999999998;1.7999999999999998;
1.7999999999999998;1.7999999999999998;1.7999999999999998;3.4666666666666663;3.4666666666666663;3.4666666666666663;3.4666666666666663;3.4666666666666663;1.7999999999999998;1.7999999999999998;0.13333333333333333;1.7999999999999998;
1.7999999999999998;1.7999999999999998;1.7999999999999998;3.4666666666666663;3.4666666666666663;3.4666666666666663;3.4666666666666663;3.4666666666666663;0.13333333333333333;1.7999999999999998;1.7999999999999998;0.13333333333333333;

S_PM
2.0000239258119947;0;
0;2.008445206609762;
