Machines;Jobs;Maintenance;
3;12;3

R
0;0;0;

P
24.528600218166662;26.151135107499996;8.652279411499999;38.755300458833325;32.26229804833333;34.099238354166665;11.537538261333331;21.58538144883333;18.94925939583333;2.1518712969999996;5.910317505499999;1.1999983333333333;
24.528600218166662;26.151135107499996;8.652279411499999;38.755300458833325;32.26229804833333;34.099238354166665;11.537538261333331;21.58538144883333;18.94925939583333;2.1518712969999996;5.910317505499999;1.1999983333333333;
24.528600218166662;26.151135107499996;8.652279411499999;38.755300458833325;32.26229804833333;34.099238354166665;11.537538261333331;21.58538144883333;18.94925939583333;2.1518712969999996;5.910317505499999;1.1999983333333333;

PM
7.994638200180902;0;0;
0;8.007356931882612;0;
0;0;7.998306241551557;

ELEG
1;1;1;1;1;1;1;1;1;1;1;1;
1;1;1;1;1;1;1;1;1;1;1;1;
1;1;1;1;1;1;1;1;1;1;1;1;

ELEG_PM
1;0;0;
0;1;0;
0;0;1;

MDS
0.13333333333333333;0.13333333333333333;0.13333333333333333;0.13333333333333333;0.13333333333333333;0.13333333333333333;0.13333333333333333;0.13333333333333333;0.13333333333333333;0.13333333333333333;0.13333333333333333;0.13333333333333333;
0.13333333333333333;0.13333333333333333;0.13333333333333333;0.13333333333333333;0.13333333333333333;0.13333333333333333;0.13333333333333333;0.13333333333333333;0.13333333333333333;0.13333333333333333;0.13333333333333333;0.13333333333333333;
0.13333333333333333;0.13333333333333333;0.13333333333333333;0.13333333333333333;0.13333333333333333;0.13333333333333333;0.13333333333333333;0.13333333333333333;0.13333333333333333;0.13333333333333333;0.13333333333333333;0.13333333333333333;

SDS
M_0
0.13333333333333333;3.4666666666666663;1.7999999999999998;3.4666666666666663;1.9666666666666666;1.7999999999999998;1.7999999999999998;0.7999999999999999;1.9666666666666666;3.4666666666666663;1.7999999999999998;0.7999999999999999;
3.4666666666666663;0.13333333333333333;3.4666666666666663;1.7999999999999998;3.6333333333333333;3.4666666666666663;3.4666666666666663;3.4666666666666663;3.6333333333333333;1.7999999999999998;3.4666666666666663;3.4666666666666663;
1.7999999999999998;3.4666666666666663;0.13333333333333333;2.466666666666667;1.9666666666666666;1.7999999999999998;0.7999999999999999;1.7999999999999998;1.9666666666666666;3.4666666666666663;0.7999999999999999;1.7999999999999998;
3.4666666666666663;1.7999999999999998;2.466666666666667;0.13333333333333333;3.6333333333333333;3.4666666666666663;2.466666666666667;3.4666666666666663;3.6333333333333333;1.7999999999999998;2.466666666666667;3.4666666666666663;
1.9666666666666666;3.6333333333333333;1.9666666666666666;3.6333333333333333;0.13333333333333333;1.9666666666666666;1.9666666666666666;1.9666666666666666;1.7999999999999998;3.6333333333333333;1.9666666666666666;1.9666666666666666;
1.7999999999999998;3.4666666666666663;1.7999999999999998;3.4666666666666663;1.9666666666666666;0.13333333333333333;1.7999999999999998;1.7999999999999998;0.9666666666666667;3.4666666666666663;1.7999999999999998;1.7999999999999998;
1.7999999999999998;3.4666666666666663;0.7999999999999999;2.466666666666667;1.9666666666666666;1.7999999999999998;0.13333333333333333;1.7999999999999998;1.9666666666666666;3.4666666666666663;0.7999999999999999;1.7999999999999998;
0.7999999999999999;3.4666666666666663;1.7999999999999998;3.4666666666666663;1.9666666666666666;1.7999999999999998;1.7999999999999998;0.13333333333333333;1.9666666666666666;3.4666666666666663;1.7999999999999998;0.7999999999999999;
1.9666666666666666;3.6333333333333333;1.9666666666666666;3.6333333333333333;1.7999999999999998;0.9666666666666667;1.9666666666666666;1.9666666666666666;0.13333333333333333;3.6333333333333333;1.9666666666666666;1.9666666666666666;
3.4666666666666663;1.7999999999999998;3.4666666666666663;1.7999999999999998;3.6333333333333333;3.4666666666666663;3.4666666666666663;3.4666666666666663;3.6333333333333333;0.13333333333333333;3.4666666666666663;3.4666666666666663;
1.7999999999999998;3.4666666666666663;0.7999999999999999;2.466666666666667;1.9666666666666666;1.7999999999999998;0.7999999999999999;1.7999999999999998;1.9666666666666666;3.4666666666666663;0.13333333333333333;1.7999999999999998;
0.7999999999999999;3.4666666666666663;1.7999999999999998;3.4666666666666663;1.9666666666666666;1.7999999999999998;1.7999999999999998;0.7999999999999999;1.9666666666666666;3.4666666666666663;1.7999999999999998;0.13333333333333333;

M_1
0.13333333333333333;3.4666666666666663;1.7999999999999998;3.4666666666666663;1.9666666666666666;1.7999999999999998;1.7999999999999998;0.7999999999999999;1.9666666666666666;3.4666666666666663;1.7999999999999998;0.7999999999999999;
3.4666666666666663;0.13333333333333333;3.4666666666666663;1.7999999999999998;3.6333333333333333;3.4666666666666663;3.4666666666666663;3.4666666666666663;3.6333333333333333;1.7999999999999998;3.4666666666666663;3.4666666666666663;
1.7999999999999998;3.4666666666666663;0.13333333333333333;2.466666666666667;1.9666666666666666;1.7999999999999998;0.7999999999999999;1.7999999999999998;1.9666666666666666;3.4666666666666663;0.7999999999999999;1.7999999999999998;
3.4666666666666663;1.7999999999999998;2.466666666666667;0.13333333333333333;3.6333333333333333;3.4666666666666663;2.466666666666667;3.4666666666666663;3.6333333333333333;1.7999999999999998;2.466666666666667;3.4666666666666663;
1.9666666666666666;3.6333333333333333;1.9666666666666666;3.6333333333333333;0.13333333333333333;1.9666666666666666;1.9666666666666666;1.9666666666666666;1.7999999999999998;3.6333333333333333;1.9666666666666666;1.9666666666666666;
1.7999999999999998;3.4666666666666663;1.7999999999999998;3.4666666666666663;1.9666666666666666;0.13333333333333333;1.7999999999999998;1.7999999999999998;0.9666666666666667;3.4666666666666663;1.7999999999999998;1.7999999999999998;
1.7999999999999998;3.4666666666666663;0.7999999999999999;2.466666666666667;1.9666666666666666;1.7999999999999998;0.13333333333333333;1.7999999999999998;1.9666666666666666;3.4666666666666663;0.7999999999999999;1.7999999999999998;
0.7999999999999999;3.4666666666666663;1.7999999999999998;3.4666666666666663;1.9666666666666666;1.7999999999999998;1.7999999999999998;0.13333333333333333;1.9666666666666666;3.4666666666666663;1.7999999999999998;0.7999999999999999;
1.9666666666666666;3.6333333333333333;1.9666666666666666;3.6333333333333333;1.7999999999999998;0.9666666666666667;1.9666666666666666;1.9666666666666666;0.13333333333333333;3.6333333333333333;1.9666666666666666;1.9666666666666666;
3.4666666666666663;1.7999999999999998;3.4666666666666663;1.7999999999999998;3.6333333333333333;3.4666666666666663;3.4666666666666663;3.4666666666666663;3.6333333333333333;0.13333333333333333;3.4666666666666663;3.4666666666666663;
1.7999999999999998;3.4666666666666663;0.7999999999999999;2.466666666666667;1.9666666666666666;1.7999999999999998;0.7999999999999999;1.7999999999999998;1.9666666666666666;3.4666666666666663;0.13333333333333333;1.7999999999999998;
0.7999999999999999;3.4666666666666663;1.7999999999999998;3.4666666666666663;1.9666666666666666;1.7999999999999998;1.7999999999999998;0.7999999999999999;1.9666666666666666;3.4666666666666663;1.7999999999999998;0.13333333333333333;

M_2
0.13333333333333333;3.4666666666666663;1.7999999999999998;3.4666666666666663;1.9666666666666666;1.7999999999999998;1.7999999999999998;0.7999999999999999;1.9666666666666666;3.4666666666666663;1.7999999999999998;0.7999999999999999;
3.4666666666666663;0.13333333333333333;3.4666666666666663;1.7999999999999998;3.6333333333333333;3.4666666666666663;3.4666666666666663;3.4666666666666663;3.6333333333333333;1.7999999999999998;3.4666666666666663;3.4666666666666663;
1.7999999999999998;3.4666666666666663;0.13333333333333333;2.466666666666667;1.9666666666666666;1.7999999999999998;0.7999999999999999;1.7999999999999998;1.9666666666666666;3.4666666666666663;0.7999999999999999;1.7999999999999998;
3.4666666666666663;1.7999999999999998;2.466666666666667;0.13333333333333333;3.6333333333333333;3.4666666666666663;2.466666666666667;3.4666666666666663;3.6333333333333333;1.7999999999999998;2.466666666666667;3.4666666666666663;
1.9666666666666666;3.6333333333333333;1.9666666666666666;3.6333333333333333;0.13333333333333333;1.9666666666666666;1.9666666666666666;1.9666666666666666;1.7999999999999998;3.6333333333333333;1.9666666666666666;1.9666666666666666;
1.7999999999999998;3.4666666666666663;1.7999999999999998;3.4666666666666663;1.9666666666666666;0.13333333333333333;1.7999999999999998;1.7999999999999998;0.9666666666666667;3.4666666666666663;1.7999999999999998;1.7999999999999998;
1.7999999999999998;3.4666666666666663;0.7999999999999999;2.466666666666667;1.9666666666666666;1.7999999999999998;0.13333333333333333;1.7999999999999998;1.9666666666666666;3.4666666666666663;0.7999999999999999;1.7999999999999998;
0.7999999999999999;3.4666666666666663;1.7999999999999998;3.4666666666666663;1.9666666666666666;1.7999999999999998;1.7999999999999998;0.13333333333333333;1.9666666666666666;3.4666666666666663;1.7999999999999998;0.7999999999999999;
1.9666666666666666;3.6333333333333333;1.9666666666666666;3.6333333333333333;1.7999999999999998;0.9666666666666667;1.9666666666666666;1.9666666666666666;0.13333333333333333;3.6333333333333333;1.9666666666666666;1.9666666666666666;
3.4666666666666663;1.7999999999999998;3.4666666666666663;1.7999999999999998;3.6333333333333333;3.4666666666666663;3.4666666666666663;3.4666666666666663;3.6333333333333333;0.13333333333333333;3.4666666666666663;3.4666666666666663;
1.7999999999999998;3.4666666666666663;0.7999999999999999;2.466666666666667;1.9666666666666666;1.7999999999999998;0.7999999999999999;1.7999999999999998;1.9666666666666666;3.4666666666666663;0.13333333333333333;1.7999999999999998;
0.7999999999999999;3.4666666666666663;1.7999999999999998;3.4666666666666663;1.9666666666666666;1.7999999999999998;1.7999999999999998;0.7999999999999999;1.9666666666666666;3.4666666666666663;1.7999999999999998;0.13333333333333333;

S_PM
1.9920380398268056;0;0;
0;2.0065479128884838;0;
0;0;2.0090903514712535;
