Machines;Jobs;Maintenance;
1;16;1

R
0;

P
41.28733122783333;32.357355059166665;18.888350908999996;30.928585614999996;2.884521708;2.05714;4.216297001166666;41.28733122783333;4.687999203166666;8.219560012499999;42.89171185666666;5.769111987333333;55.508014333999995;41.43587387866666;11.808532170666664;0.6857133333333333;

PM
7.995793450393618;

ELEG
1;1;1;1;1;1;1;1;1;1;1;1;1;1;1;1;

ELEG_PM
1;

MDS
0.13333333333333333;0.13333333333333333;0.13333333333333333;0.13333333333333333;0.13333333333333333;0.13333333333333333;0.13333333333333333;0.13333333333333333;0.13333333333333333;0.13333333333333333;0.13333333333333333;0.13333333333333333;0.13333333333333333;0.13333333333333333;0.13333333333333333;0.13333333333333333;

SDS
M_0
0.13333333333333333;3.6333333333333333;1.9666666666666666;1.9666666666666666;1.7999999999999998;0.9666666666666667;1.7999999999999998;0.13333333333333333;3.4666666666666663;2.466666666666667;0.13333333333333333;3.4666666666666663;3.6333333333333333;0.7999999999999999;0.7999999999999999;3.4666666666666663;
3.6333333333333333;0.13333333333333333;3.4666666666666663;3.4666666666666663;3.6333333333333333;3.4666666666666663;3.6333333333333333;3.6333333333333333;1.9666666666666666;1.9666666666666666;3.6333333333333333;1.9666666666666666;0.13333333333333333;3.6333333333333333;3.6333333333333333;1.9666666666666666;
1.9666666666666666;3.4666666666666663;0.13333333333333333;1.7999999999999998;1.9666666666666666;1.7999999999999998;1.9666666666666666;1.9666666666666666;3.6333333333333333;3.6333333333333333;1.9666666666666666;3.6333333333333333;3.4666666666666663;1.9666666666666666;1.9666666666666666;3.6333333333333333;
1.9666666666666666;3.4666666666666663;1.7999999999999998;0.13333333333333333;1.9666666666666666;1.7999999999999998;1.9666666666666666;1.9666666666666666;3.6333333333333333;3.6333333333333333;1.9666666666666666;3.6333333333333333;3.4666666666666663;1.9666666666666666;1.9666666666666666;3.6333333333333333;
1.7999999999999998;3.6333333333333333;1.9666666666666666;1.9666666666666666;0.13333333333333333;1.9666666666666666;0.13333333333333333;1.7999999999999998;3.4666666666666663;3.4666666666666663;1.7999999999999998;2.466666666666667;3.6333333333333333;1.7999999999999998;1.7999999999999998;3.4666666666666663;
0.9666666666666667;3.4666666666666663;1.7999999999999998;1.7999999999999998;1.9666666666666666;0.13333333333333333;1.9666666666666666;0.9666666666666667;3.6333333333333333;2.6333333333333333;0.9666666666666667;3.6333333333333333;3.4666666666666663;0.9666666666666667;0.9666666666666667;3.6333333333333333;
1.7999999999999998;3.6333333333333333;1.9666666666666666;1.9666666666666666;0.13333333333333333;1.9666666666666666;0.13333333333333333;1.7999999999999998;3.4666666666666663;3.4666666666666663;1.7999999999999998;2.466666666666667;3.6333333333333333;1.7999999999999998;1.7999999999999998;3.4666666666666663;
0.13333333333333333;3.6333333333333333;1.9666666666666666;1.9666666666666666;1.7999999999999998;0.9666666666666667;1.7999999999999998;0.13333333333333333;3.4666666666666663;2.466666666666667;0.13333333333333333;3.4666666666666663;3.6333333333333333;0.7999999999999999;0.7999999999999999;3.4666666666666663;
3.4666666666666663;1.9666666666666666;3.6333333333333333;3.6333333333333333;3.4666666666666663;3.6333333333333333;3.4666666666666663;3.4666666666666663;0.13333333333333333;1.7999999999999998;3.4666666666666663;1.7999999999999998;1.9666666666666666;3.4666666666666663;3.4666666666666663;0.7999999999999999;
2.466666666666667;1.9666666666666666;3.6333333333333333;3.6333333333333333;3.4666666666666663;2.6333333333333333;3.4666666666666663;2.466666666666667;1.7999999999999998;0.13333333333333333;2.466666666666667;1.7999999999999998;1.9666666666666666;2.466666666666667;2.466666666666667;1.7999999999999998;
0.13333333333333333;3.6333333333333333;1.9666666666666666;1.9666666666666666;1.7999999999999998;0.9666666666666667;1.7999999999999998;0.13333333333333333;3.4666666666666663;2.466666666666667;0.13333333333333333;3.4666666666666663;3.6333333333333333;0.7999999999999999;0.7999999999999999;3.4666666666666663;
3.4666666666666663;1.9666666666666666;3.6333333333333333;3.6333333333333333;2.466666666666667;3.6333333333333333;2.466666666666667;3.4666666666666663;1.7999999999999998;1.7999999999999998;3.4666666666666663;0.13333333333333333;1.9666666666666666;3.4666666666666663;3.4666666666666663;1.7999999999999998;
3.6333333333333333;0.13333333333333333;3.4666666666666663;3.4666666666666663;3.6333333333333333;3.4666666666666663;3.6333333333333333;3.6333333333333333;1.9666666666666666;1.9666666666666666;3.6333333333333333;1.9666666666666666;0.13333333333333333;3.6333333333333333;3.6333333333333333;1.9666666666666666;
0.7999999999999999;3.6333333333333333;1.9666666666666666;1.9666666666666666;1.7999999999999998;0.9666666666666667;1.7999999999999998;0.7999999999999999;3.4666666666666663;2.466666666666667;0.7999999999999999;3.4666666666666663;3.6333333333333333;0.13333333333333333;0.7999999999999999;3.4666666666666663;
0.7999999999999999;3.6333333333333333;1.9666666666666666;1.9666666666666666;1.7999999999999998;0.9666666666666667;1.7999999999999998;0.7999999999999999;3.4666666666666663;2.466666666666667;0.7999999999999999;3.4666666666666663;3.6333333333333333;0.7999999999999999;0.13333333333333333;3.4666666666666663;
3.4666666666666663;1.9666666666666666;3.6333333333333333;3.6333333333333333;3.4666666666666663;3.6333333333333333;3.4666666666666663;3.4666666666666663;0.7999999999999999;1.7999999999999998;3.4666666666666663;1.7999999999999998;1.9666666666666666;3.4666666666666663;3.4666666666666663;0.13333333333333333;

S_PM
2.004542007182977;
