Machines;Jobs;Maintenance;
3;16;3

R
0;0;0;

P
0;46.196215838499995;0;17.701569700166665;15.522372726833332;35.44332220166666;1.2163697391666666;6.454465321166666;1.2163697391666666;25.804301303499997;44.30969845866666;2.8846588506666664;2.6923162606666664;40.907977468999995;35.44332220166666;25.806872728499997;
0;46.196215838499995;0;17.701569700166665;15.522372726833332;35.44332220166666;1.2163697391666666;6.454465321166666;1.2163697391666666;25.804301303499997;44.30969845866666;2.8846588506666664;2.6923162606666664;40.907977468999995;35.44332220166666;25.806872728499997;
1.7319061659999997;46.196215838499995;8.65953083;17.701569700166665;15.522372726833332;35.44332220166666;1.2163697391666666;0;1.2163697391666666;25.804301303499997;44.30969845866666;2.8846588506666664;2.6923162606666664;40.907977468999995;35.44332220166666;25.806872728499997;

PM
8.00285302968363;0;0;
0;8.005502312581754;0;
0;0;8.0079226665096;

ELEG
0;1;0;1;1;1;1;1;1;1;1;1;1;1;1;1;
0;1;0;1;1;1;1;1;1;1;1;1;1;1;1;1;
1;1;1;1;1;1;1;0;1;1;1;1;1;1;1;1;

ELEG_PM
1;0;0;
0;1;0;
0;0;1;

MDS
0;0.13333333333333333;0;0.13333333333333333;0.13333333333333333;0.13333333333333333;0.13333333333333333;0.13333333333333333;0.13333333333333333;0.13333333333333333;0.13333333333333333;0.13333333333333333;0.13333333333333333;0.13333333333333333;0.13333333333333333;0.13333333333333333;
0;0.13333333333333333;0;0.13333333333333333;0.13333333333333333;0.13333333333333333;0.13333333333333333;0.13333333333333333;0.13333333333333333;0.13333333333333333;0.13333333333333333;0.13333333333333333;0.13333333333333333;0.13333333333333333;0.13333333333333333;0.13333333333333333;
0.13333333333333333;0.13333333333333333;0.13333333333333333;0.13333333333333333;0.13333333333333333;0.13333333333333333;0.13333333333333333;0;0.13333333333333333;0.13333333333333333;0.13333333333333333;0.13333333333333333;0.13333333333333333;0.13333333333333333;0.13333333333333333;0.13333333333333333;

SDS
M_0
0;0;0;0;0;0;0;0;0;0;0;0;0;0;0;0;
0;0.13333333333333333;0;1.7999999999999998;1.9666666666666666;3.6333333333333333;1.7999999999999998;3.6333333333333333;1.7999999999999998;3.4666666666666663;1.9666666666666666;1.7999999999999998;3.4666666666666663;3.4666666666666663;3.6333333333333333;3.4666666666666663;
0;0;0;0;0;0;0;0;0;0;0;0;0;0;0;0;
0;1.7999999999999998;0;0.13333333333333333;1.9666666666666666;3.6333333333333333;1.7999999999999998;3.6333333333333333;1.7999999999999998;3.4666666666666663;1.9666666666666666;1.7999999999999998;3.4666666666666663;3.4666666666666663;3.6333333333333333;3.4666666666666663;
0;1.9666666666666666;0;1.9666666666666666;0.13333333333333333;3.4666666666666663;1.9666666666666666;3.4666666666666663;1.9666666666666666;3.6333333333333333;1.7999999999999998;1.9666666666666666;3.6333333333333333;3.6333333333333333;3.4666666666666663;3.6333333333333333;
0;3.6333333333333333;0;3.6333333333333333;3.4666666666666663;0.13333333333333333;3.6333333333333333;3.4666666666666663;3.6333333333333333;3.6333333333333333;3.4666666666666663;3.6333333333333333;1.9666666666666666;3.6333333333333333;0.13333333333333333;3.6333333333333333;
0;1.7999999999999998;0;1.7999999999999998;1.9666666666666666;3.6333333333333333;0.13333333333333333;3.6333333333333333;0.13333333333333333;3.4666666666666663;1.9666666666666666;0.7999999999999999;2.466666666666667;3.4666666666666663;3.6333333333333333;3.4666666666666663;
0;3.6333333333333333;0;3.6333333333333333;3.4666666666666663;3.4666666666666663;3.6333333333333333;0.13333333333333333;3.6333333333333333;0.9666666666666667;3.4666666666666663;3.6333333333333333;3.6333333333333333;1.9666666666666666;3.4666666666666663;0.9666666666666667;
0;1.7999999999999998;0;1.7999999999999998;1.9666666666666666;3.6333333333333333;0.13333333333333333;3.6333333333333333;0.13333333333333333;3.4666666666666663;1.9666666666666666;0.7999999999999999;2.466666666666667;3.4666666666666663;3.6333333333333333;3.4666666666666663;
0;3.4666666666666663;0;3.4666666666666663;3.6333333333333333;3.6333333333333333;3.4666666666666663;0.9666666666666667;3.4666666666666663;0.13333333333333333;3.6333333333333333;3.4666666666666663;3.4666666666666663;1.7999999999999998;3.6333333333333333;0.13333333333333333;
0;1.9666666666666666;0;1.9666666666666666;1.7999999999999998;3.4666666666666663;1.9666666666666666;3.4666666666666663;1.9666666666666666;3.6333333333333333;0.13333333333333333;1.9666666666666666;3.6333333333333333;3.6333333333333333;3.4666666666666663;3.6333333333333333;
0;1.7999999999999998;0;1.7999999999999998;1.9666666666666666;3.6333333333333333;0.7999999999999999;3.6333333333333333;0.7999999999999999;3.4666666666666663;1.9666666666666666;0.13333333333333333;2.466666666666667;3.4666666666666663;3.6333333333333333;3.4666666666666663;
0;3.4666666666666663;0;3.4666666666666663;3.6333333333333333;1.9666666666666666;2.466666666666667;3.6333333333333333;2.466666666666667;3.4666666666666663;3.6333333333333333;2.466666666666667;0.13333333333333333;3.4666666666666663;1.9666666666666666;3.4666666666666663;
0;3.4666666666666663;0;3.4666666666666663;3.6333333333333333;3.6333333333333333;3.4666666666666663;1.9666666666666666;3.4666666666666663;1.7999999999999998;3.6333333333333333;3.4666666666666663;3.4666666666666663;0.13333333333333333;3.6333333333333333;1.7999999999999998;
0;3.6333333333333333;0;3.6333333333333333;3.4666666666666663;0.13333333333333333;3.6333333333333333;3.4666666666666663;3.6333333333333333;3.6333333333333333;3.4666666666666663;3.6333333333333333;1.9666666666666666;3.6333333333333333;0.13333333333333333;3.6333333333333333;
0;3.4666666666666663;0;3.4666666666666663;3.6333333333333333;3.6333333333333333;3.4666666666666663;0.9666666666666667;3.4666666666666663;0.13333333333333333;3.6333333333333333;3.4666666666666663;3.4666666666666663;1.7999999999999998;3.6333333333333333;0.13333333333333333;

M_1
0;0;0;0;0;0;0;0;0;0;0;0;0;0;0;0;
0;0.13333333333333333;0;1.7999999999999998;1.9666666666666666;3.6333333333333333;1.7999999999999998;3.6333333333333333;1.7999999999999998;3.4666666666666663;1.9666666666666666;1.7999999999999998;3.4666666666666663;3.4666666666666663;3.6333333333333333;3.4666666666666663;
0;0;0;0;0;0;0;0;0;0;0;0;0;0;0;0;
0;1.7999999999999998;0;0.13333333333333333;1.9666666666666666;3.6333333333333333;1.7999999999999998;3.6333333333333333;1.7999999999999998;3.4666666666666663;1.9666666666666666;1.7999999999999998;3.4666666666666663;3.4666666666666663;3.6333333333333333;3.4666666666666663;
0;1.9666666666666666;0;1.9666666666666666;0.13333333333333333;3.4666666666666663;1.9666666666666666;3.4666666666666663;1.9666666666666666;3.6333333333333333;1.7999999999999998;1.9666666666666666;3.6333333333333333;3.6333333333333333;3.4666666666666663;3.6333333333333333;
0;3.6333333333333333;0;3.6333333333333333;3.4666666666666663;0.13333333333333333;3.6333333333333333;3.4666666666666663;3.6333333333333333;3.6333333333333333;3.4666666666666663;3.6333333333333333;1.9666666666666666;3.6333333333333333;0.13333333333333333;3.6333333333333333;
0;1.7999999999999998;0;1.7999999999999998;1.9666666666666666;3.6333333333333333;0.13333333333333333;3.6333333333333333;0.13333333333333333;3.4666666666666663;1.9666666666666666;0.7999999999999999;2.466666666666667;3.4666666666666663;3.6333333333333333;3.4666666666666663;
0;3.6333333333333333;0;3.6333333333333333;3.4666666666666663;3.4666666666666663;3.6333333333333333;0.13333333333333333;3.6333333333333333;0.9666666666666667;3.4666666666666663;3.6333333333333333;3.6333333333333333;1.9666666666666666;3.4666666666666663;0.9666666666666667;
0;1.7999999999999998;0;1.7999999999999998;1.9666666666666666;3.6333333333333333;0.13333333333333333;3.6333333333333333;0.13333333333333333;3.4666666666666663;1.9666666666666666;0.7999999999999999;2.466666666666667;3.4666666666666663;3.6333333333333333;3.4666666666666663;
0;3.4666666666666663;0;3.4666666666666663;3.6333333333333333;3.6333333333333333;3.4666666666666663;0.9666666666666667;3.4666666666666663;0.13333333333333333;3.6333333333333333;3.4666666666666663;3.4666666666666663;1.7999999999999998;3.6333333333333333;0.13333333333333333;
0;1.9666666666666666;0;1.9666666666666666;1.7999999999999998;3.4666666666666663;1.9666666666666666;3.4666666666666663;1.9666666666666666;3.6333333333333333;0.13333333333333333;1.9666666666666666;3.6333333333333333;3.6333333333333333;3.4666666666666663;3.6333333333333333;
0;1.7999999999999998;0;1.7999999999999998;1.9666666666666666;3.6333333333333333;0.7999999999999999;3.6333333333333333;0.7999999999999999;3.4666666666666663;1.9666666666666666;0.13333333333333333;2.466666666666667;3.4666666666666663;3.6333333333333333;3.4666666666666663;
0;3.4666666666666663;0;3.4666666666666663;3.6333333333333333;1.9666666666666666;2.466666666666667;3.6333333333333333;2.466666666666667;3.4666666666666663;3.6333333333333333;2.466666666666667;0.13333333333333333;3.4666666666666663;1.9666666666666666;3.4666666666666663;
0;3.4666666666666663;0;3.4666666666666663;3.6333333333333333;3.6333333333333333;3.4666666666666663;1.9666666666666666;3.4666666666666663;1.7999999999999998;3.6333333333333333;3.4666666666666663;3.4666666666666663;0.13333333333333333;3.6333333333333333;1.7999999999999998;
0;3.6333333333333333;0;3.6333333333333333;3.4666666666666663;0.13333333333333333;3.6333333333333333;3.4666666666666663;3.6333333333333333;3.6333333333333333;3.4666666666666663;3.6333333333333333;1.9666666666666666;3.6333333333333333;0.13333333333333333;3.6333333333333333;
0;3.4666666666666663;0;3.4666666666666663;3.6333333333333333;3.6333333333333333;3.4666666666666663;0.9666666666666667;3.4666666666666663;0.13333333333333333;3.6333333333333333;3.4666666666666663;3.4666666666666663;1.7999999999999998;3.6333333333333333;0.13333333333333333;

M_2
0.13333333333333333;1.7999999999999998;0.13333333333333333;1.7999999999999998;0.9666666666666667;3.6333333333333333;1.7999999999999998;0;1.7999999999999998;3.4666666666666663;1.9666666666666666;1.7999999999999998;3.4666666666666663;3.4666666666666663;3.6333333333333333;3.4666666666666663;
1.7999999999999998;0.13333333333333333;1.7999999999999998;1.7999999999999998;1.9666666666666666;3.6333333333333333;1.7999999999999998;0;1.7999999999999998;3.4666666666666663;1.9666666666666666;1.7999999999999998;3.4666666666666663;3.4666666666666663;3.6333333333333333;3.4666666666666663;
0.13333333333333333;1.7999999999999998;0.13333333333333333;1.7999999999999998;0.9666666666666667;3.6333333333333333;1.7999999999999998;0;1.7999999999999998;3.4666666666666663;1.9666666666666666;1.7999999999999998;3.4666666666666663;3.4666666666666663;3.6333333333333333;3.4666666666666663;
1.7999999999999998;1.7999999999999998;1.7999999999999998;0.13333333333333333;1.9666666666666666;3.6333333333333333;1.7999999999999998;0;1.7999999999999998;3.4666666666666663;1.9666666666666666;1.7999999999999998;3.4666666666666663;3.4666666666666663;3.6333333333333333;3.4666666666666663;
0.9666666666666667;1.9666666666666666;0.9666666666666667;1.9666666666666666;0.13333333333333333;3.4666666666666663;1.9666666666666666;0;1.9666666666666666;3.6333333333333333;1.7999999999999998;1.9666666666666666;3.6333333333333333;3.6333333333333333;3.4666666666666663;3.6333333333333333;
3.6333333333333333;3.6333333333333333;3.6333333333333333;3.6333333333333333;3.4666666666666663;0.13333333333333333;3.6333333333333333;0;3.6333333333333333;3.6333333333333333;3.4666666666666663;3.6333333333333333;1.9666666666666666;3.6333333333333333;0.13333333333333333;3.6333333333333333;
1.7999999999999998;1.7999999999999998;1.7999999999999998;1.7999999999999998;1.9666666666666666;3.6333333333333333;0.13333333333333333;0;0.13333333333333333;3.4666666666666663;1.9666666666666666;0.7999999999999999;2.466666666666667;3.4666666666666663;3.6333333333333333;3.4666666666666663;
0;0;0;0;0;0;0;0;0;0;0;0;0;0;0;0;
1.7999999999999998;1.7999999999999998;1.7999999999999998;1.7999999999999998;1.9666666666666666;3.6333333333333333;0.13333333333333333;0;0.13333333333333333;3.4666666666666663;1.9666666666666666;0.7999999999999999;2.466666666666667;3.4666666666666663;3.6333333333333333;3.4666666666666663;
3.4666666666666663;3.4666666666666663;3.4666666666666663;3.4666666666666663;3.6333333333333333;3.6333333333333333;3.4666666666666663;0;3.4666666666666663;0.13333333333333333;3.6333333333333333;3.4666666666666663;3.4666666666666663;1.7999999999999998;3.6333333333333333;0.13333333333333333;
1.9666666666666666;1.9666666666666666;1.9666666666666666;1.9666666666666666;1.7999999999999998;3.4666666666666663;1.9666666666666666;0;1.9666666666666666;3.6333333333333333;0.13333333333333333;1.9666666666666666;3.6333333333333333;3.6333333333333333;3.4666666666666663;3.6333333333333333;
1.7999999999999998;1.7999999999999998;1.7999999999999998;1.7999999999999998;1.9666666666666666;3.6333333333333333;0.7999999999999999;0;0.7999999999999999;3.4666666666666663;1.9666666666666666;0.13333333333333333;2.466666666666667;3.4666666666666663;3.6333333333333333;3.4666666666666663;
3.4666666666666663;3.4666666666666663;3.4666666666666663;3.4666666666666663;3.6333333333333333;1.9666666666666666;2.466666666666667;0;2.466666666666667;3.4666666666666663;3.6333333333333333;2.466666666666667;0.13333333333333333;3.4666666666666663;1.9666666666666666;3.4666666666666663;
3.4666666666666663;3.4666666666666663;3.4666666666666663;3.4666666666666663;3.6333333333333333;3.6333333333333333;3.4666666666666663;0;3.4666666666666663;1.7999999999999998;3.6333333333333333;3.4666666666666663;3.4666666666666663;0.13333333333333333;3.6333333333333333;1.7999999999999998;
3.6333333333333333;3.6333333333333333;3.6333333333333333;3.6333333333333333;3.4666666666666663;0.13333333333333333;3.6333333333333333;0;3.6333333333333333;3.6333333333333333;3.4666666666666663;3.6333333333333333;1.9666666666666666;3.6333333333333333;0.13333333333333333;3.6333333333333333;
3.4666666666666663;3.4666666666666663;3.4666666666666663;3.4666666666666663;3.6333333333333333;3.6333333333333333;3.4666666666666663;0;3.4666666666666663;0.13333333333333333;3.6333333333333333;3.4666666666666663;3.4666666666666663;1.7999999999999998;3.6333333333333333;0.13333333333333333;

S_PM
1.9952549164673568;0;0;
0;1.991788583063422;0;
0;0;2.000210901615308;
