Machines;Jobs;Maintenance;
1;12;1

R
0;

P
29.744958687499995;5.5289237495;27.325093476999996;63.634077333499995;4.058222935;9.625580916833332;3.087064283833333;38.7535861755;5.434312452333333;29.53607326333333;5.400798213166666;14.999002025166664;

PM
8.008973883734537;

ELEG
1;1;1;1;1;1;1;1;1;1;1;1;

ELEG_PM
1;

MDS
0.13333333333333333;0.13333333333333333;0.13333333333333333;0.13333333333333333;0.13333333333333333;0.13333333333333333;0.13333333333333333;0.13333333333333333;0.13333333333333333;0.13333333333333333;0.13333333333333333;0.13333333333333333;

SDS
M_0
0.13333333333333333;0.7999999999999999;3.4666666666666663;3.4666666666666663;0.7999999999999999;3.4666666666666663;1.7999999999999998;0.7999999999999999;0.9666666666666667;1.7999999999999998;3.4666666666666663;3.4666666666666663;
0.7999999999999999;0.13333333333333333;3.4666666666666663;3.4666666666666663;0.7999999999999999;3.4666666666666663;1.7999999999999998;0.13333333333333333;0.9666666666666667;1.7999999999999998;3.4666666666666663;3.4666666666666663;
3.4666666666666663;3.4666666666666663;0.13333333333333333;1.7999999999999998;3.4666666666666663;1.7999999999999998;2.466666666666667;3.4666666666666663;3.6333333333333333;2.466666666666667;1.7999999999999998;3.4666666666666663;
3.4666666666666663;3.4666666666666663;1.7999999999999998;0.13333333333333333;3.4666666666666663;1.7999999999999998;3.4666666666666663;3.4666666666666663;3.6333333333333333;3.4666666666666663;1.7999999999999998;3.4666666666666663;
0.7999999999999999;0.7999999999999999;3.4666666666666663;3.4666666666666663;0.13333333333333333;3.4666666666666663;1.7999999999999998;0.7999999999999999;0.9666666666666667;1.7999999999999998;3.4666666666666663;3.4666666666666663;
3.4666666666666663;3.4666666666666663;1.7999999999999998;1.7999999999999998;3.4666666666666663;0.13333333333333333;3.4666666666666663;3.4666666666666663;3.6333333333333333;3.4666666666666663;1.7999999999999998;3.4666666666666663;
1.7999999999999998;1.7999999999999998;2.466666666666667;3.4666666666666663;1.7999999999999998;3.4666666666666663;0.13333333333333333;1.7999999999999998;1.9666666666666666;0.13333333333333333;3.4666666666666663;3.4666666666666663;
0.7999999999999999;0.13333333333333333;3.4666666666666663;3.4666666666666663;0.7999999999999999;3.4666666666666663;1.7999999999999998;0.13333333333333333;0.9666666666666667;1.7999999999999998;3.4666666666666663;3.4666666666666663;
0.9666666666666667;0.9666666666666667;3.6333333333333333;3.6333333333333333;0.9666666666666667;3.6333333333333333;1.9666666666666666;0.9666666666666667;0.13333333333333333;1.9666666666666666;3.6333333333333333;3.6333333333333333;
1.7999999999999998;1.7999999999999998;2.466666666666667;3.4666666666666663;1.7999999999999998;3.4666666666666663;0.13333333333333333;1.7999999999999998;1.9666666666666666;0.13333333333333333;3.4666666666666663;3.4666666666666663;
3.4666666666666663;3.4666666666666663;1.7999999999999998;1.7999999999999998;3.4666666666666663;1.7999999999999998;3.4666666666666663;3.4666666666666663;3.6333333333333333;3.4666666666666663;0.13333333333333333;3.4666666666666663;
3.4666666666666663;3.4666666666666663;3.4666666666666663;3.4666666666666663;3.4666666666666663;3.4666666666666663;3.4666666666666663;3.4666666666666663;3.6333333333333333;3.4666666666666663;3.4666666666666663;0.13333333333333333;

S_PM
1.99882426444852;
