Machines;Jobs;Maintenance;
1;20;1

R
0;

P
15.023190562999998;5.400798213166666;38.01238149066666;12.269091530999999;8.260051384833332;24.2407720465;9.26124428;36.557640654;1.7086776268333332;20.6399541905;51.96488211216666;19.03005356933333;3.5905664416666663;49.52240550449999;3.1068985419999997;4.5300965653333325;3.077858582333333;40.58017220999999;15.054836233333331;38.01238149066666;

PM
8.000930223451428;

ELEG
1;1;1;1;1;1;1;1;1;1;1;1;1;1;1;1;1;1;1;1;

ELEG_PM
1;

MDS
0.13333333333333333;0.13333333333333333;0.13333333333333333;0.13333333333333333;0.13333333333333333;0.13333333333333333;0.13333333333333333;0.13333333333333333;0.13333333333333333;0.13333333333333333;0.13333333333333333;0.13333333333333333;0.13333333333333333;0.13333333333333333;0.13333333333333333;0.13333333333333333;0.13333333333333333;0.13333333333333333;0.13333333333333333;0.13333333333333333;

SDS
M_0
0.13333333333333333;3.4666666666666663;3.6333333333333333;3.4666666666666663;3.6333333333333333;3.4666666666666663;3.4666666666666663;0.9666666666666667;3.4666666666666663;1.7999999999999998;3.4666666666666663;3.4666666666666663;3.4666666666666663;1.7999999999999998;3.4666666666666663;1.7999999999999998;3.4666666666666663;1.7999999999999998;0.13333333333333333;3.6333333333333333;
3.4666666666666663;0.13333333333333333;3.6333333333333333;1.7999999999999998;1.9666666666666666;0.7999999999999999;1.7999999999999998;3.6333333333333333;1.7999999999999998;3.4666666666666663;1.7999999999999998;3.4666666666666663;1.7999999999999998;3.4666666666666663;3.4666666666666663;3.4666666666666663;3.4666666666666663;3.4666666666666663;3.4666666666666663;3.6333333333333333;
3.6333333333333333;3.6333333333333333;0.13333333333333333;3.6333333333333333;3.4666666666666663;3.6333333333333333;3.6333333333333333;3.4666666666666663;3.6333333333333333;3.6333333333333333;3.6333333333333333;1.9666666666666666;3.6333333333333333;3.6333333333333333;1.9666666666666666;3.6333333333333333;1.9666666666666666;3.6333333333333333;3.6333333333333333;0.13333333333333333;
3.4666666666666663;1.7999999999999998;3.6333333333333333;0.13333333333333333;1.9666666666666666;1.7999999999999998;0.7999999999999999;3.6333333333333333;1.7999999999999998;3.4666666666666663;1.7999999999999998;3.4666666666666663;1.7999999999999998;3.4666666666666663;2.466666666666667;3.4666666666666663;2.466666666666667;3.4666666666666663;3.4666666666666663;3.6333333333333333;
3.6333333333333333;1.9666666666666666;3.4666666666666663;1.9666666666666666;0.13333333333333333;1.9666666666666666;1.9666666666666666;3.4666666666666663;1.9666666666666666;3.6333333333333333;0.9666666666666667;3.6333333333333333;1.9666666666666666;3.6333333333333333;3.6333333333333333;3.6333333333333333;3.6333333333333333;3.6333333333333333;3.6333333333333333;3.4666666666666663;
3.4666666666666663;0.7999999999999999;3.6333333333333333;1.7999999999999998;1.9666666666666666;0.13333333333333333;1.7999999999999998;3.6333333333333333;1.7999999999999998;3.4666666666666663;1.7999999999999998;3.4666666666666663;1.7999999999999998;3.4666666666666663;3.4666666666666663;3.4666666666666663;3.4666666666666663;3.4666666666666663;3.4666666666666663;3.6333333333333333;
3.4666666666666663;1.7999999999999998;3.6333333333333333;0.7999999999999999;1.9666666666666666;1.7999999999999998;0.13333333333333333;3.6333333333333333;1.7999999999999998;3.4666666666666663;1.7999999999999998;3.4666666666666663;1.7999999999999998;3.4666666666666663;2.466666666666667;3.4666666666666663;2.466666666666667;3.4666666666666663;3.4666666666666663;3.6333333333333333;
0.9666666666666667;3.6333333333333333;3.4666666666666663;3.6333333333333333;3.4666666666666663;3.6333333333333333;3.6333333333333333;0.13333333333333333;3.6333333333333333;1.9666666666666666;3.6333333333333333;3.6333333333333333;3.6333333333333333;1.9666666666666666;3.6333333333333333;1.9666666666666666;3.6333333333333333;1.9666666666666666;0.9666666666666667;3.4666666666666663;
3.4666666666666663;1.7999999999999998;3.6333333333333333;1.7999999999999998;1.9666666666666666;1.7999999999999998;1.7999999999999998;3.6333333333333333;0.13333333333333333;3.4666666666666663;1.7999999999999998;3.4666666666666663;0.7999999999999999;3.4666666666666663;3.4666666666666663;3.4666666666666663;3.4666666666666663;3.4666666666666663;3.4666666666666663;3.6333333333333333;
1.7999999999999998;3.4666666666666663;3.6333333333333333;3.4666666666666663;3.6333333333333333;3.4666666666666663;3.4666666666666663;1.9666666666666666;3.4666666666666663;0.13333333333333333;3.4666666666666663;3.4666666666666663;3.4666666666666663;0.7999999999999999;3.4666666666666663;0.7999999999999999;3.4666666666666663;0.7999999999999999;1.7999999999999998;3.6333333333333333;
3.4666666666666663;1.7999999999999998;3.6333333333333333;1.7999999999999998;0.9666666666666667;1.7999999999999998;1.7999999999999998;3.6333333333333333;1.7999999999999998;3.4666666666666663;0.13333333333333333;3.4666666666666663;1.7999999999999998;3.4666666666666663;3.4666666666666663;3.4666666666666663;3.4666666666666663;3.4666666666666663;3.4666666666666663;3.6333333333333333;
3.4666666666666663;3.4666666666666663;1.9666666666666666;3.4666666666666663;3.6333333333333333;3.4666666666666663;3.4666666666666663;3.6333333333333333;3.4666666666666663;3.4666666666666663;3.4666666666666663;0.13333333333333333;3.4666666666666663;3.4666666666666663;1.7999999999999998;3.4666666666666663;1.7999999999999998;3.4666666666666663;3.4666666666666663;1.9666666666666666;
3.4666666666666663;1.7999999999999998;3.6333333333333333;1.7999999999999998;1.9666666666666666;1.7999999999999998;1.7999999999999998;3.6333333333333333;0.7999999999999999;3.4666666666666663;1.7999999999999998;3.4666666666666663;0.13333333333333333;3.4666666666666663;3.4666666666666663;3.4666666666666663;3.4666666666666663;3.4666666666666663;3.4666666666666663;3.6333333333333333;
1.7999999999999998;3.4666666666666663;3.6333333333333333;3.4666666666666663;3.6333333333333333;3.4666666666666663;3.4666666666666663;1.9666666666666666;3.4666666666666663;0.7999999999999999;3.4666666666666663;3.4666666666666663;3.4666666666666663;0.13333333333333333;3.4666666666666663;0.7999999999999999;3.4666666666666663;0.13333333333333333;1.7999999999999998;3.6333333333333333;
3.4666666666666663;3.4666666666666663;1.9666666666666666;2.466666666666667;3.6333333333333333;3.4666666666666663;2.466666666666667;3.6333333333333333;3.4666666666666663;3.4666666666666663;3.4666666666666663;1.7999999999999998;3.4666666666666663;3.4666666666666663;0.13333333333333333;3.4666666666666663;0.7999999999999999;3.4666666666666663;3.4666666666666663;1.9666666666666666;
1.7999999999999998;3.4666666666666663;3.6333333333333333;3.4666666666666663;3.6333333333333333;3.4666666666666663;3.4666666666666663;1.9666666666666666;3.4666666666666663;0.7999999999999999;3.4666666666666663;3.4666666666666663;3.4666666666666663;0.7999999999999999;3.4666666666666663;0.13333333333333333;3.4666666666666663;0.7999999999999999;1.7999999999999998;3.6333333333333333;
3.4666666666666663;3.4666666666666663;1.9666666666666666;2.466666666666667;3.6333333333333333;3.4666666666666663;2.466666666666667;3.6333333333333333;3.4666666666666663;3.4666666666666663;3.4666666666666663;1.7999999999999998;3.4666666666666663;3.4666666666666663;0.7999999999999999;3.4666666666666663;0.13333333333333333;3.4666666666666663;3.4666666666666663;1.9666666666666666;
1.7999999999999998;3.4666666666666663;3.6333333333333333;3.4666666666666663;3.6333333333333333;3.4666666666666663;3.4666666666666663;1.9666666666666666;3.4666666666666663;0.7999999999999999;3.4666666666666663;3.4666666666666663;3.4666666666666663;0.13333333333333333;3.4666666666666663;0.7999999999999999;3.4666666666666663;0.13333333333333333;1.7999999999999998;3.6333333333333333;
0.13333333333333333;3.4666666666666663;3.6333333333333333;3.4666666666666663;3.6333333333333333;3.4666666666666663;3.4666666666666663;0.9666666666666667;3.4666666666666663;1.7999999999999998;3.4666666666666663;3.4666666666666663;3.4666666666666663;1.7999999999999998;3.4666666666666663;1.7999999999999998;3.4666666666666663;1.7999999999999998;0.13333333333333333;3.6333333333333333;
3.6333333333333333;3.6333333333333333;0.13333333333333333;3.6333333333333333;3.4666666666666663;3.6333333333333333;3.6333333333333333;3.4666666666666663;3.6333333333333333;3.6333333333333333;3.6333333333333333;1.9666666666666666;3.6333333333333333;3.6333333333333333;1.9666666666666666;3.6333333333333333;1.9666666666666666;3.6333333333333333;3.6333333333333333;0.13333333333333333;

S_PM
1.999683840772921;
