Machines;Jobs;Maintenance;
3;8;3

R
0;0;0;

P
9.147621580666666;3.248549773833333;32.410172128666666;5.766677704999999;57.013583671499994;3.0848185726666664;10.359448468999998;26.20078075283333;
9.147621580666666;3.248549773833333;32.410172128666666;5.766677704999999;57.013583671499994;3.0848185726666664;10.359448468999998;26.20078075283333;
9.147621580666666;3.248549773833333;32.410172128666666;5.766677704999999;57.013583671499994;3.0848185726666664;10.359448468999998;26.20078075283333;

PM
7.993812655771064;0;0;
0;8.005424225775256;0;
0;0;7.994388828857052;

ELEG
1;1;1;1;1;1;1;1;
1;1;1;1;1;1;1;1;
1;1;1;1;1;1;1;1;

ELEG_PM
1;0;0;
0;1;0;
0;0;1;

MDS
0.13333333333333333;0.13333333333333333;0.13333333333333333;0.13333333333333333;0.13333333333333333;0.13333333333333333;0.13333333333333333;0.13333333333333333;
0.13333333333333333;0.13333333333333333;0.13333333333333333;0.13333333333333333;0.13333333333333333;0.13333333333333333;0.13333333333333333;0.13333333333333333;
0.13333333333333333;0.13333333333333333;0.13333333333333333;0.13333333333333333;0.13333333333333333;0.13333333333333333;0.13333333333333333;0.13333333333333333;

SDS
M_0
0.13333333333333333;1.7999999999999998;3.4666666666666663;0.7999999999999999;1.7999999999999998;3.4666666666666663;3.4666666666666663;3.4666666666666663;
1.7999999999999998;0.13333333333333333;3.4666666666666663;1.7999999999999998;1.7999999999999998;3.4666666666666663;3.4666666666666663;3.4666666666666663;
3.4666666666666663;3.4666666666666663;0.13333333333333333;3.4666666666666663;3.4666666666666663;3.4666666666666663;3.4666666666666663;3.4666666666666663;
0.7999999999999999;1.7999999999999998;3.4666666666666663;0.13333333333333333;1.7999999999999998;3.4666666666666663;3.4666666666666663;3.4666666666666663;
1.7999999999999998;1.7999999999999998;3.4666666666666663;1.7999999999999998;0.13333333333333333;3.4666666666666663;3.4666666666666663;3.4666666666666663;
3.4666666666666663;3.4666666666666663;3.4666666666666663;3.4666666666666663;3.4666666666666663;0.13333333333333333;1.7999999999999998;1.7999999999999998;
3.4666666666666663;3.4666666666666663;3.4666666666666663;3.4666666666666663;3.4666666666666663;1.7999999999999998;0.13333333333333333;0.7999999999999999;
3.4666666666666663;3.4666666666666663;3.4666666666666663;3.4666666666666663;3.4666666666666663;1.7999999999999998;0.7999999999999999;0.13333333333333333;

M_1
0.13333333333333333;1.7999999999999998;3.4666666666666663;0.7999999999999999;1.7999999999999998;3.4666666666666663;3.4666666666666663;3.4666666666666663;
1.7999999999999998;0.13333333333333333;3.4666666666666663;1.7999999999999998;1.7999999999999998;3.4666666666666663;3.4666666666666663;3.4666666666666663;
3.4666666666666663;3.4666666666666663;0.13333333333333333;3.4666666666666663;3.4666666666666663;3.4666666666666663;3.4666666666666663;3.4666666666666663;
0.7999999999999999;1.7999999999999998;3.4666666666666663;0.13333333333333333;1.7999999999999998;3.4666666666666663;3.4666666666666663;3.4666666666666663;
1.7999999999999998;1.7999999999999998;3.4666666666666663;1.7999999999999998;0.13333333333333333;3.4666666666666663;3.4666666666666663;3.4666666666666663;
3.4666666666666663;3.4666666666666663;3.4666666666666663;3.4666666666666663;3.4666666666666663;0.13333333333333333;1.7999999999999998;1.7999999999999998;
3.4666666666666663;3.4666666666666663;3.4666666666666663;3.4666666666666663;3.4666666666666663;1.7999999999999998;0.13333333333333333;0.7999999999999999;
3.4666666666666663;3.4666666666666663;3.4666666666666663;3.4666666666666663;3.4666666666666663;1.7999999999999998;0.7999999999999999;0.13333333333333333;

M_2
0.13333333333333333;1.7999999999999998;3.4666666666666663;0.7999999999999999;1.7999999999999998;3.4666666666666663;3.4666666666666663;3.4666666666666663;
1.7999999999999998;0.13333333333333333;3.4666666666666663;1.7999999999999998;1.7999999999999998;3.4666666666666663;3.4666666666666663;3.4666666666666663;
3.4666666666666663;3.4666666666666663;0.13333333333333333;3.4666666666666663;3.4666666666666663;3.4666666666666663;3.4666666666666663;3.4666666666666663;
0.7999999999999999;1.7999999999999998;3.4666666666666663;0.13333333333333333;1.7999999999999998;3.4666666666666663;3.4666666666666663;3.4666666666666663;
1.7999999999999998;1.7999999999999998;3.4666666666666663;1.7999999999999998;0.13333333333333333;3.4666666666666663;3.4666666666666663;3.4666666666666663;
3.4666666666666663;3.4666666666666663;3.4666666666666663;3.4666666666666663;3.4666666666666663;0.13333333333333333;1.7999999999999998;1.7999999999999998;
3.4666666666666663;3.4666666666666663;3.4666666666666663;3.4666666666666663;3.4666666666666663;1.7999999999999998;0.13333333333333333;0.7999999999999999;
3.4666666666666663;3.4666666666666663;3.4666666666666663;3.4666666666666663;3.4666666666666663;1.7999999999999998;0.7999999999999999;0.13333333333333333;

S_PM
2.008366485125556;0;0;
0;2.0064747112041688;0;
0;0;2.0083591074861395;
