Machines;Jobs;Maintenance;
2;20;2

R
0;0;

P
17.735512510166664;29.471564781499996;25.806358443499995;31.624550362666664;2.700013392833333;55.60555705566666;29.57742177733333;1.4084380438333333;14.365642904833331;3.913383136166666;30.796671512499998;5.9006489475;3.9085659999999995;40.31504114966666;41.367645401999994;7.145304361666666;41.4358910215;14.7894480305;14.118786104833331;21.677969891666663;
17.735512510166664;29.471564781499996;25.806358443499995;31.624550362666664;2.700013392833333;55.60555705566666;29.57742177733333;1.4084380438333333;14.365642904833331;3.913383136166666;30.796671512499998;5.9006489475;3.9085659999999995;40.31504114966666;41.367645401999994;7.145304361666666;41.4358910215;14.7894480305;14.118786104833331;21.677969891666663;

PM
8.001789860814712;0;
0;8.002325878689216;

ELEG
1;1;1;1;1;1;1;1;1;1;1;1;1;1;1;1;1;1;1;1;
1;1;1;1;1;1;1;1;1;1;1;1;1;1;1;1;1;1;1;1;

ELEG_PM
1;0;
0;1;

MDS
0.13333333333333333;0.13333333333333333;0.13333333333333333;0.13333333333333333;0.13333333333333333;0.13333333333333333;0.13333333333333333;0.13333333333333333;0.13333333333333333;0.13333333333333333;0.13333333333333333;0.13333333333333333;0.13333333333333333;0.13333333333333333;0.13333333333333333;0.13333333333333333;0.13333333333333333;0.13333333333333333;0.13333333333333333;0.13333333333333333;
0.13333333333333333;0.13333333333333333;0.13333333333333333;0.13333333333333333;0.13333333333333333;0.13333333333333333;0.13333333333333333;0.13333333333333333;0.13333333333333333;0.13333333333333333;0.13333333333333333;0.13333333333333333;0.13333333333333333;0.13333333333333333;0.13333333333333333;0.13333333333333333;0.13333333333333333;0.13333333333333333;0.13333333333333333;0.13333333333333333;

SDS
M_0
0.13333333333333333;3.6333333333333333;3.4666666666666663;3.4666666666666663;3.4666666666666663;3.6333333333333333;0.7999999999999999;3.6333333333333333;3.4666666666666663;3.4666666666666663;1.9666666666666666;3.4666666666666663;0.7999999999999999;1.9666666666666666;0.7999999999999999;1.7999999999999998;0.7999999999999999;2.466666666666667;3.6333333333333333;1.9666666666666666;
3.6333333333333333;0.13333333333333333;3.6333333333333333;1.9666666666666666;1.9666666666666666;1.7999999999999998;3.6333333333333333;3.4666666666666663;1.9666666666666666;1.9666666666666666;3.4666666666666663;3.6333333333333333;3.6333333333333333;3.4666666666666663;3.6333333333333333;3.6333333333333333;3.6333333333333333;1.9666666666666666;3.4666666666666663;3.4666666666666663;
3.4666666666666663;3.6333333333333333;0.13333333333333333;3.4666666666666663;3.4666666666666663;3.6333333333333333;3.4666666666666663;3.6333333333333333;3.4666666666666663;3.4666666666666663;3.6333333333333333;1.7999999999999998;3.4666666666666663;3.6333333333333333;3.4666666666666663;3.4666666666666663;3.4666666666666663;3.4666666666666663;3.6333333333333333;3.6333333333333333;
3.4666666666666663;1.9666666666666666;3.4666666666666663;0.13333333333333333;1.7999999999999998;1.9666666666666666;3.4666666666666663;3.6333333333333333;1.7999999999999998;1.7999999999999998;3.6333333333333333;3.4666666666666663;3.4666666666666663;3.6333333333333333;3.4666666666666663;3.4666666666666663;3.4666666666666663;1.7999999999999998;3.6333333333333333;3.6333333333333333;
3.4666666666666663;1.9666666666666666;3.4666666666666663;1.7999999999999998;0.13333333333333333;1.9666666666666666;3.4666666666666663;3.6333333333333333;1.7999999999999998;1.7999999999999998;3.6333333333333333;3.4666666666666663;3.4666666666666663;3.6333333333333333;3.4666666666666663;3.4666666666666663;3.4666666666666663;1.7999999999999998;3.6333333333333333;3.6333333333333333;
3.6333333333333333;1.7999999999999998;3.6333333333333333;1.9666666666666666;1.9666666666666666;0.13333333333333333;3.6333333333333333;3.4666666666666663;1.9666666666666666;1.9666666666666666;3.4666666666666663;3.6333333333333333;3.6333333333333333;3.4666666666666663;3.6333333333333333;3.6333333333333333;3.6333333333333333;1.9666666666666666;3.4666666666666663;3.4666666666666663;
0.7999999999999999;3.6333333333333333;3.4666666666666663;3.4666666666666663;3.4666666666666663;3.6333333333333333;0.13333333333333333;3.6333333333333333;3.4666666666666663;3.4666666666666663;1.9666666666666666;3.4666666666666663;0.7999999999999999;1.9666666666666666;0.13333333333333333;1.7999999999999998;0.13333333333333333;2.466666666666667;3.6333333333333333;1.9666666666666666;
3.6333333333333333;3.4666666666666663;3.6333333333333333;3.6333333333333333;3.6333333333333333;3.4666666666666663;3.6333333333333333;0.13333333333333333;3.6333333333333333;3.6333333333333333;3.4666666666666663;3.6333333333333333;3.6333333333333333;3.4666666666666663;3.6333333333333333;3.6333333333333333;3.6333333333333333;3.6333333333333333;0.7999999999999999;3.4666666666666663;
3.4666666666666663;1.9666666666666666;3.4666666666666663;1.7999999999999998;1.7999999999999998;1.9666666666666666;3.4666666666666663;3.6333333333333333;0.13333333333333333;1.7999999999999998;3.6333333333333333;3.4666666666666663;3.4666666666666663;3.6333333333333333;3.4666666666666663;3.4666666666666663;3.4666666666666663;1.7999999999999998;3.6333333333333333;3.6333333333333333;
3.4666666666666663;1.9666666666666666;3.4666666666666663;1.7999999999999998;1.7999999999999998;1.9666666666666666;3.4666666666666663;3.6333333333333333;1.7999999999999998;0.13333333333333333;3.6333333333333333;3.4666666666666663;3.4666666666666663;3.6333333333333333;3.4666666666666663;3.4666666666666663;3.4666666666666663;1.7999999999999998;3.6333333333333333;3.6333333333333333;
1.9666666666666666;3.4666666666666663;3.6333333333333333;3.6333333333333333;3.6333333333333333;3.4666666666666663;1.9666666666666666;3.4666666666666663;3.6333333333333333;3.6333333333333333;0.13333333333333333;3.6333333333333333;1.9666666666666666;0.13333333333333333;1.9666666666666666;1.9666666666666666;1.9666666666666666;3.6333333333333333;3.4666666666666663;0.7999999999999999;
3.4666666666666663;3.6333333333333333;1.7999999999999998;3.4666666666666663;3.4666666666666663;3.6333333333333333;3.4666666666666663;3.6333333333333333;3.4666666666666663;3.4666666666666663;3.6333333333333333;0.13333333333333333;3.4666666666666663;3.6333333333333333;3.4666666666666663;3.4666666666666663;3.4666666666666663;3.4666666666666663;3.6333333333333333;3.6333333333333333;
0.7999999999999999;3.6333333333333333;3.4666666666666663;3.4666666666666663;3.4666666666666663;3.6333333333333333;0.7999999999999999;3.6333333333333333;3.4666666666666663;3.4666666666666663;1.9666666666666666;3.4666666666666663;0.13333333333333333;1.9666666666666666;0.7999999999999999;1.7999999999999998;0.7999999999999999;2.466666666666667;3.6333333333333333;1.9666666666666666;
1.9666666666666666;3.4666666666666663;3.6333333333333333;3.6333333333333333;3.6333333333333333;3.4666666666666663;1.9666666666666666;3.4666666666666663;3.6333333333333333;3.6333333333333333;0.13333333333333333;3.6333333333333333;1.9666666666666666;0.13333333333333333;1.9666666666666666;1.9666666666666666;1.9666666666666666;3.6333333333333333;3.4666666666666663;0.7999999999999999;
0.7999999999999999;3.6333333333333333;3.4666666666666663;3.4666666666666663;3.4666666666666663;3.6333333333333333;0.13333333333333333;3.6333333333333333;3.4666666666666663;3.4666666666666663;1.9666666666666666;3.4666666666666663;0.7999999999999999;1.9666666666666666;0.13333333333333333;1.7999999999999998;0.13333333333333333;2.466666666666667;3.6333333333333333;1.9666666666666666;
1.7999999999999998;3.6333333333333333;3.4666666666666663;3.4666666666666663;3.4666666666666663;3.6333333333333333;1.7999999999999998;3.6333333333333333;3.4666666666666663;3.4666666666666663;1.9666666666666666;3.4666666666666663;1.7999999999999998;1.9666666666666666;1.7999999999999998;0.13333333333333333;1.7999999999999998;3.4666666666666663;3.6333333333333333;1.9666666666666666;
0.7999999999999999;3.6333333333333333;3.4666666666666663;3.4666666666666663;3.4666666666666663;3.6333333333333333;0.13333333333333333;3.6333333333333333;3.4666666666666663;3.4666666666666663;1.9666666666666666;3.4666666666666663;0.7999999999999999;1.9666666666666666;0.13333333333333333;1.7999999999999998;0.13333333333333333;2.466666666666667;3.6333333333333333;1.9666666666666666;
2.466666666666667;1.9666666666666666;3.4666666666666663;1.7999999999999998;1.7999999999999998;1.9666666666666666;2.466666666666667;3.6333333333333333;1.7999999999999998;1.7999999999999998;3.6333333333333333;3.4666666666666663;2.466666666666667;3.6333333333333333;2.466666666666667;3.4666666666666663;2.466666666666667;0.13333333333333333;3.6333333333333333;3.6333333333333333;
3.6333333333333333;3.4666666666666663;3.6333333333333333;3.6333333333333333;3.6333333333333333;3.4666666666666663;3.6333333333333333;0.7999999999999999;3.6333333333333333;3.6333333333333333;3.4666666666666663;3.6333333333333333;3.6333333333333333;3.4666666666666663;3.6333333333333333;3.6333333333333333;3.6333333333333333;3.6333333333333333;0.13333333333333333;3.4666666666666663;
1.9666666666666666;3.4666666666666663;3.6333333333333333;3.6333333333333333;3.6333333333333333;3.4666666666666663;1.9666666666666666;3.4666666666666663;3.6333333333333333;3.6333333333333333;0.7999999999999999;3.6333333333333333;1.9666666666666666;0.7999999999999999;1.9666666666666666;1.9666666666666666;1.9666666666666666;3.6333333333333333;3.4666666666666663;0.13333333333333333;

M_1
0.13333333333333333;3.6333333333333333;3.4666666666666663;3.4666666666666663;3.4666666666666663;3.6333333333333333;0.7999999999999999;3.6333333333333333;3.4666666666666663;3.4666666666666663;1.9666666666666666;3.4666666666666663;0.7999999999999999;1.9666666666666666;0.7999999999999999;1.7999999999999998;0.7999999999999999;2.466666666666667;3.6333333333333333;1.9666666666666666;
3.6333333333333333;0.13333333333333333;3.6333333333333333;1.9666666666666666;1.9666666666666666;1.7999999999999998;3.6333333333333333;3.4666666666666663;1.9666666666666666;1.9666666666666666;3.4666666666666663;3.6333333333333333;3.6333333333333333;3.4666666666666663;3.6333333333333333;3.6333333333333333;3.6333333333333333;1.9666666666666666;3.4666666666666663;3.4666666666666663;
3.4666666666666663;3.6333333333333333;0.13333333333333333;3.4666666666666663;3.4666666666666663;3.6333333333333333;3.4666666666666663;3.6333333333333333;3.4666666666666663;3.4666666666666663;3.6333333333333333;1.7999999999999998;3.4666666666666663;3.6333333333333333;3.4666666666666663;3.4666666666666663;3.4666666666666663;3.4666666666666663;3.6333333333333333;3.6333333333333333;
3.4666666666666663;1.9666666666666666;3.4666666666666663;0.13333333333333333;1.7999999999999998;1.9666666666666666;3.4666666666666663;3.6333333333333333;1.7999999999999998;1.7999999999999998;3.6333333333333333;3.4666666666666663;3.4666666666666663;3.6333333333333333;3.4666666666666663;3.4666666666666663;3.4666666666666663;1.7999999999999998;3.6333333333333333;3.6333333333333333;
3.4666666666666663;1.9666666666666666;3.4666666666666663;1.7999999999999998;0.13333333333333333;1.9666666666666666;3.4666666666666663;3.6333333333333333;1.7999999999999998;1.7999999999999998;3.6333333333333333;3.4666666666666663;3.4666666666666663;3.6333333333333333;3.4666666666666663;3.4666666666666663;3.4666666666666663;1.7999999999999998;3.6333333333333333;3.6333333333333333;
3.6333333333333333;1.7999999999999998;3.6333333333333333;1.9666666666666666;1.9666666666666666;0.13333333333333333;3.6333333333333333;3.4666666666666663;1.9666666666666666;1.9666666666666666;3.4666666666666663;3.6333333333333333;3.6333333333333333;3.4666666666666663;3.6333333333333333;3.6333333333333333;3.6333333333333333;1.9666666666666666;3.4666666666666663;3.4666666666666663;
0.7999999999999999;3.6333333333333333;3.4666666666666663;3.4666666666666663;3.4666666666666663;3.6333333333333333;0.13333333333333333;3.6333333333333333;3.4666666666666663;3.4666666666666663;1.9666666666666666;3.4666666666666663;0.7999999999999999;1.9666666666666666;0.13333333333333333;1.7999999999999998;0.13333333333333333;2.466666666666667;3.6333333333333333;1.9666666666666666;
3.6333333333333333;3.4666666666666663;3.6333333333333333;3.6333333333333333;3.6333333333333333;3.4666666666666663;3.6333333333333333;0.13333333333333333;3.6333333333333333;3.6333333333333333;3.4666666666666663;3.6333333333333333;3.6333333333333333;3.4666666666666663;3.6333333333333333;3.6333333333333333;3.6333333333333333;3.6333333333333333;0.7999999999999999;3.4666666666666663;
3.4666666666666663;1.9666666666666666;3.4666666666666663;1.7999999999999998;1.7999999999999998;1.9666666666666666;3.4666666666666663;3.6333333333333333;0.13333333333333333;1.7999999999999998;3.6333333333333333;3.4666666666666663;3.4666666666666663;3.6333333333333333;3.4666666666666663;3.4666666666666663;3.4666666666666663;1.7999999999999998;3.6333333333333333;3.6333333333333333;
3.4666666666666663;1.9666666666666666;3.4666666666666663;1.7999999999999998;1.7999999999999998;1.9666666666666666;3.4666666666666663;3.6333333333333333;1.7999999999999998;0.13333333333333333;3.6333333333333333;3.4666666666666663;3.4666666666666663;3.6333333333333333;3.4666666666666663;3.4666666666666663;3.4666666666666663;1.7999999999999998;3.6333333333333333;3.6333333333333333;
1.9666666666666666;3.4666666666666663;3.6333333333333333;3.6333333333333333;3.6333333333333333;3.4666666666666663;1.9666666666666666;3.4666666666666663;3.6333333333333333;3.6333333333333333;0.13333333333333333;3.6333333333333333;1.9666666666666666;0.13333333333333333;1.9666666666666666;1.9666666666666666;1.9666666666666666;3.6333333333333333;3.4666666666666663;0.7999999999999999;
3.4666666666666663;3.6333333333333333;1.7999999999999998;3.4666666666666663;3.4666666666666663;3.6333333333333333;3.4666666666666663;3.6333333333333333;3.4666666666666663;3.4666666666666663;3.6333333333333333;0.13333333333333333;3.4666666666666663;3.6333333333333333;3.4666666666666663;3.4666666666666663;3.4666666666666663;3.4666666666666663;3.6333333333333333;3.6333333333333333;
0.7999999999999999;3.6333333333333333;3.4666666666666663;3.4666666666666663;3.4666666666666663;3.6333333333333333;0.7999999999999999;3.6333333333333333;3.4666666666666663;3.4666666666666663;1.9666666666666666;3.4666666666666663;0.13333333333333333;1.9666666666666666;0.7999999999999999;1.7999999999999998;0.7999999999999999;2.466666666666667;3.6333333333333333;1.9666666666666666;
1.9666666666666666;3.4666666666666663;3.6333333333333333;3.6333333333333333;3.6333333333333333;3.4666666666666663;1.9666666666666666;3.4666666666666663;3.6333333333333333;3.6333333333333333;0.13333333333333333;3.6333333333333333;1.9666666666666666;0.13333333333333333;1.9666666666666666;1.9666666666666666;1.9666666666666666;3.6333333333333333;3.4666666666666663;0.7999999999999999;
0.7999999999999999;3.6333333333333333;3.4666666666666663;3.4666666666666663;3.4666666666666663;3.6333333333333333;0.13333333333333333;3.6333333333333333;3.4666666666666663;3.4666666666666663;1.9666666666666666;3.4666666666666663;0.7999999999999999;1.9666666666666666;0.13333333333333333;1.7999999999999998;0.13333333333333333;2.466666666666667;3.6333333333333333;1.9666666666666666;
1.7999999999999998;3.6333333333333333;3.4666666666666663;3.4666666666666663;3.4666666666666663;3.6333333333333333;1.7999999999999998;3.6333333333333333;3.4666666666666663;3.4666666666666663;1.9666666666666666;3.4666666666666663;1.7999999999999998;1.9666666666666666;1.7999999999999998;0.13333333333333333;1.7999999999999998;3.4666666666666663;3.6333333333333333;1.9666666666666666;
0.7999999999999999;3.6333333333333333;3.4666666666666663;3.4666666666666663;3.4666666666666663;3.6333333333333333;0.13333333333333333;3.6333333333333333;3.4666666666666663;3.4666666666666663;1.9666666666666666;3.4666666666666663;0.7999999999999999;1.9666666666666666;0.13333333333333333;1.7999999999999998;0.13333333333333333;2.466666666666667;3.6333333333333333;1.9666666666666666;
2.466666666666667;1.9666666666666666;3.4666666666666663;1.7999999999999998;1.7999999999999998;1.9666666666666666;2.466666666666667;3.6333333333333333;1.7999999999999998;1.7999999999999998;3.6333333333333333;3.4666666666666663;2.466666666666667;3.6333333333333333;2.466666666666667;3.4666666666666663;2.466666666666667;0.13333333333333333;3.6333333333333333;3.6333333333333333;
3.6333333333333333;3.4666666666666663;3.6333333333333333;3.6333333333333333;3.6333333333333333;3.4666666666666663;3.6333333333333333;0.7999999999999999;3.6333333333333333;3.6333333333333333;3.4666666666666663;3.6333333333333333;3.6333333333333333;3.4666666666666663;3.6333333333333333;3.6333333333333333;3.6333333333333333;3.6333333333333333;0.13333333333333333;3.4666666666666663;
1.9666666666666666;3.4666666666666663;3.6333333333333333;3.6333333333333333;3.6333333333333333;3.4666666666666663;1.9666666666666666;3.4666666666666663;3.6333333333333333;3.6333333333333333;0.7999999999999999;3.6333333333333333;1.9666666666666666;0.7999999999999999;1.9666666666666666;1.9666666666666666;1.9666666666666666;3.6333333333333333;3.4666666666666663;0.13333333333333333;

S_PM
2.007689373594564;0;
0;2.0077682830569183;
