Machines;Jobs;Maintenance;
2;16;2

R
0;0;

P
32.46204634233333;11.908509174666666;25.783918474666663;25.80539844483333;29.56271322633333;23.638184311999996;17.206930387166665;1.5606149753333332;41.38531966316666;1.3714266666666666;18.303506007;4.037925820333333;17.716363965333333;0.514285;58.97834094266666;33.89762149133333;
32.46204634233333;11.908509174666666;25.783918474666663;25.80539844483333;29.56271322633333;23.638184311999996;17.206930387166665;1.5606149753333332;41.38531966316666;1.3714266666666666;18.303506007;4.037925820333333;17.716363965333333;0.514285;58.97834094266666;33.89762149133333;

PM
8.006583043353903;0;
0;7.9969970229952585;

ELEG
1;1;1;1;1;1;1;1;1;1;1;1;1;1;1;1;
1;1;1;1;1;1;1;1;1;1;1;1;1;1;1;1;

ELEG_PM
1;0;
0;1;

MDS
0.13333333333333333;0.13333333333333333;0.13333333333333333;0.13333333333333333;0.13333333333333333;0.13333333333333333;0.13333333333333333;0.13333333333333333;0.13333333333333333;0.13333333333333333;0.13333333333333333;0.13333333333333333;0.13333333333333333;0.13333333333333333;0.13333333333333333;0.13333333333333333;
0.13333333333333333;0.13333333333333333;0.13333333333333333;0.13333333333333333;0.13333333333333333;0.13333333333333333;0.13333333333333333;0.13333333333333333;0.13333333333333333;0.13333333333333333;0.13333333333333333;0.13333333333333333;0.13333333333333333;0.13333333333333333;0.13333333333333333;0.13333333333333333;

SDS
M_0
0.13333333333333333;3.4666666666666663;1.7999999999999998;1.7999999999999998;3.4666666666666663;1.7999999999999998;1.7999999999999998;3.4666666666666663;3.4666666666666663;3.4666666666666663;3.4666666666666663;3.4666666666666663;3.4666666666666663;3.4666666666666663;0.13333333333333333;3.4666666666666663;
3.4666666666666663;0.13333333333333333;3.4666666666666663;3.4666666666666663;1.7999999999999998;3.4666666666666663;3.4666666666666663;1.7999999999999998;1.7999999999999998;1.7999999999999998;1.7999999999999998;3.4666666666666663;1.7999999999999998;3.4666666666666663;3.4666666666666663;1.7999999999999998;
1.7999999999999998;3.4666666666666663;0.13333333333333333;0.13333333333333333;3.4666666666666663;0.7999999999999999;0.7999999999999999;3.4666666666666663;3.4666666666666663;3.4666666666666663;3.4666666666666663;3.4666666666666663;3.4666666666666663;3.4666666666666663;1.7999999999999998;3.4666666666666663;
1.7999999999999998;3.4666666666666663;0.13333333333333333;0.13333333333333333;3.4666666666666663;0.7999999999999999;0.7999999999999999;3.4666666666666663;3.4666666666666663;3.4666666666666663;3.4666666666666663;3.4666666666666663;3.4666666666666663;3.4666666666666663;1.7999999999999998;3.4666666666666663;
3.4666666666666663;1.7999999999999998;3.4666666666666663;3.4666666666666663;0.13333333333333333;3.4666666666666663;3.4666666666666663;0.7999999999999999;0.13333333333333333;0.7999999999999999;1.7999999999999998;3.4666666666666663;0.13333333333333333;3.4666666666666663;3.4666666666666663;0.13333333333333333;
1.7999999999999998;3.4666666666666663;0.7999999999999999;0.7999999999999999;3.4666666666666663;0.13333333333333333;0.7999999999999999;3.4666666666666663;3.4666666666666663;3.4666666666666663;3.4666666666666663;3.4666666666666663;3.4666666666666663;3.4666666666666663;1.7999999999999998;3.4666666666666663;
1.7999999999999998;3.4666666666666663;0.7999999999999999;0.7999999999999999;3.4666666666666663;0.7999999999999999;0.13333333333333333;3.4666666666666663;3.4666666666666663;3.4666666666666663;3.4666666666666663;3.4666666666666663;3.4666666666666663;3.4666666666666663;1.7999999999999998;3.4666666666666663;
3.4666666666666663;1.7999999999999998;3.4666666666666663;3.4666666666666663;0.7999999999999999;3.4666666666666663;3.4666666666666663;0.13333333333333333;0.7999999999999999;0.7999999999999999;1.7999999999999998;3.4666666666666663;0.7999999999999999;3.4666666666666663;3.4666666666666663;0.7999999999999999;
3.4666666666666663;1.7999999999999998;3.4666666666666663;3.4666666666666663;0.13333333333333333;3.4666666666666663;3.4666666666666663;0.7999999999999999;0.13333333333333333;0.7999999999999999;1.7999999999999998;3.4666666666666663;0.13333333333333333;3.4666666666666663;3.4666666666666663;0.13333333333333333;
3.4666666666666663;1.7999999999999998;3.4666666666666663;3.4666666666666663;0.7999999999999999;3.4666666666666663;3.4666666666666663;0.7999999999999999;0.7999999999999999;0.13333333333333333;1.7999999999999998;3.4666666666666663;0.7999999999999999;3.4666666666666663;3.4666666666666663;0.7999999999999999;
3.4666666666666663;1.7999999999999998;3.4666666666666663;3.4666666666666663;1.7999999999999998;3.4666666666666663;3.4666666666666663;1.7999999999999998;1.7999999999999998;1.7999999999999998;0.13333333333333333;3.4666666666666663;1.7999999999999998;3.4666666666666663;3.4666666666666663;1.7999999999999998;
3.4666666666666663;3.4666666666666663;3.4666666666666663;3.4666666666666663;3.4666666666666663;3.4666666666666663;3.4666666666666663;3.4666666666666663;3.4666666666666663;3.4666666666666663;3.4666666666666663;0.13333333333333333;3.4666666666666663;3.4666666666666663;3.4666666666666663;3.4666666666666663;
3.4666666666666663;1.7999999999999998;3.4666666666666663;3.4666666666666663;0.13333333333333333;3.4666666666666663;3.4666666666666663;0.7999999999999999;0.13333333333333333;0.7999999999999999;1.7999999999999998;3.4666666666666663;0.13333333333333333;3.4666666666666663;3.4666666666666663;0.13333333333333333;
3.4666666666666663;3.4666666666666663;3.4666666666666663;3.4666666666666663;3.4666666666666663;3.4666666666666663;3.4666666666666663;3.4666666666666663;3.4666666666666663;3.4666666666666663;3.4666666666666663;3.4666666666666663;3.4666666666666663;0.13333333333333333;3.4666666666666663;3.4666666666666663;
0.13333333333333333;3.4666666666666663;1.7999999999999998;1.7999999999999998;3.4666666666666663;1.7999999999999998;1.7999999999999998;3.4666666666666663;3.4666666666666663;3.4666666666666663;3.4666666666666663;3.4666666666666663;3.4666666666666663;3.4666666666666663;0.13333333333333333;3.4666666666666663;
3.4666666666666663;1.7999999999999998;3.4666666666666663;3.4666666666666663;0.13333333333333333;3.4666666666666663;3.4666666666666663;0.7999999999999999;0.13333333333333333;0.7999999999999999;1.7999999999999998;3.4666666666666663;0.13333333333333333;3.4666666666666663;3.4666666666666663;0.13333333333333333;

M_1
0.13333333333333333;3.4666666666666663;1.7999999999999998;1.7999999999999998;3.4666666666666663;1.7999999999999998;1.7999999999999998;3.4666666666666663;3.4666666666666663;3.4666666666666663;3.4666666666666663;3.4666666666666663;3.4666666666666663;3.4666666666666663;0.13333333333333333;3.4666666666666663;
3.4666666666666663;0.13333333333333333;3.4666666666666663;3.4666666666666663;1.7999999999999998;3.4666666666666663;3.4666666666666663;1.7999999999999998;1.7999999999999998;1.7999999999999998;1.7999999999999998;3.4666666666666663;1.7999999999999998;3.4666666666666663;3.4666666666666663;1.7999999999999998;
1.7999999999999998;3.4666666666666663;0.13333333333333333;0.13333333333333333;3.4666666666666663;0.7999999999999999;0.7999999999999999;3.4666666666666663;3.4666666666666663;3.4666666666666663;3.4666666666666663;3.4666666666666663;3.4666666666666663;3.4666666666666663;1.7999999999999998;3.4666666666666663;
1.7999999999999998;3.4666666666666663;0.13333333333333333;0.13333333333333333;3.4666666666666663;0.7999999999999999;0.7999999999999999;3.4666666666666663;3.4666666666666663;3.4666666666666663;3.4666666666666663;3.4666666666666663;3.4666666666666663;3.4666666666666663;1.7999999999999998;3.4666666666666663;
3.4666666666666663;1.7999999999999998;3.4666666666666663;3.4666666666666663;0.13333333333333333;3.4666666666666663;3.4666666666666663;0.7999999999999999;0.13333333333333333;0.7999999999999999;1.7999999999999998;3.4666666666666663;0.13333333333333333;3.4666666666666663;3.4666666666666663;0.13333333333333333;
1.7999999999999998;3.4666666666666663;0.7999999999999999;0.7999999999999999;3.4666666666666663;0.13333333333333333;0.7999999999999999;3.4666666666666663;3.4666666666666663;3.4666666666666663;3.4666666666666663;3.4666666666666663;3.4666666666666663;3.4666666666666663;1.7999999999999998;3.4666666666666663;
1.7999999999999998;3.4666666666666663;0.7999999999999999;0.7999999999999999;3.4666666666666663;0.7999999999999999;0.13333333333333333;3.4666666666666663;3.4666666666666663;3.4666666666666663;3.4666666666666663;3.4666666666666663;3.4666666666666663;3.4666666666666663;1.7999999999999998;3.4666666666666663;
3.4666666666666663;1.7999999999999998;3.4666666666666663;3.4666666666666663;0.7999999999999999;3.4666666666666663;3.4666666666666663;0.13333333333333333;0.7999999999999999;0.7999999999999999;1.7999999999999998;3.4666666666666663;0.7999999999999999;3.4666666666666663;3.4666666666666663;0.7999999999999999;
3.4666666666666663;1.7999999999999998;3.4666666666666663;3.4666666666666663;0.13333333333333333;3.4666666666666663;3.4666666666666663;0.7999999999999999;0.13333333333333333;0.7999999999999999;1.7999999999999998;3.4666666666666663;0.13333333333333333;3.4666666666666663;3.4666666666666663;0.13333333333333333;
3.4666666666666663;1.7999999999999998;3.4666666666666663;3.4666666666666663;0.7999999999999999;3.4666666666666663;3.4666666666666663;0.7999999999999999;0.7999999999999999;0.13333333333333333;1.7999999999999998;3.4666666666666663;0.7999999999999999;3.4666666666666663;3.4666666666666663;0.7999999999999999;
3.4666666666666663;1.7999999999999998;3.4666666666666663;3.4666666666666663;1.7999999999999998;3.4666666666666663;3.4666666666666663;1.7999999999999998;1.7999999999999998;1.7999999999999998;0.13333333333333333;3.4666666666666663;1.7999999999999998;3.4666666666666663;3.4666666666666663;1.7999999999999998;
3.4666666666666663;3.4666666666666663;3.4666666666666663;3.4666666666666663;3.4666666666666663;3.4666666666666663;3.4666666666666663;3.4666666666666663;3.4666666666666663;3.4666666666666663;3.4666666666666663;0.13333333333333333;3.4666666666666663;3.4666666666666663;3.4666666666666663;3.4666666666666663;
3.4666666666666663;1.7999999999999998;3.4666666666666663;3.4666666666666663;0.13333333333333333;3.4666666666666663;3.4666666666666663;0.7999999999999999;0.13333333333333333;0.7999999999999999;1.7999999999999998;3.4666666666666663;0.13333333333333333;3.4666666666666663;3.4666666666666663;0.13333333333333333;
3.4666666666666663;3.4666666666666663;3.4666666666666663;3.4666666666666663;3.4666666666666663;3.4666666666666663;3.4666666666666663;3.4666666666666663;3.4666666666666663;3.4666666666666663;3.4666666666666663;3.4666666666666663;3.4666666666666663;0.13333333333333333;3.4666666666666663;3.4666666666666663;
0.13333333333333333;3.4666666666666663;1.7999999999999998;1.7999999999999998;3.4666666666666663;1.7999999999999998;1.7999999999999998;3.4666666666666663;3.4666666666666663;3.4666666666666663;3.4666666666666663;3.4666666666666663;3.4666666666666663;3.4666666666666663;0.13333333333333333;3.4666666666666663;
3.4666666666666663;1.7999999999999998;3.4666666666666663;3.4666666666666663;0.13333333333333333;3.4666666666666663;3.4666666666666663;0.7999999999999999;0.13333333333333333;0.7999999999999999;1.7999999999999998;3.4666666666666663;0.13333333333333333;3.4666666666666663;3.4666666666666663;0.13333333333333333;

S_PM
2.0028700959463;0;
0;1.9954786003406524;
