Machines;Jobs;Maintenance;
3;20;3

R
0;0;0;

P
25.669575776333332;2.8849674216666665;29.700473034999998;3.3628581864999996;21.410130263666662;21.390998861666663;33.955632839333326;5.5289237495;17.688935431999997;21.410130263666662;0;32.4813663155;26.19692361533333;21.59947285783333;0;41.38866251566666;52.78854382533333;26.199272183499996;54.04161637066666;16.595805521666666;
25.669575776333332;2.8849674216666665;29.700473034999998;3.3628581864999996;21.410130263666662;21.390998861666663;33.955632839333326;5.5289237495;17.688935431999997;21.410130263666662;0;32.4813663155;26.19692361533333;21.59947285783333;0;41.38866251566666;52.78854382533333;26.199272183499996;54.04161637066666;16.595805521666666;
25.669575776333332;2.8849674216666665;29.700473034999998;3.3628581864999996;21.410130263666662;21.390998861666663;33.955632839333326;5.5289237495;17.688935431999997;21.410130263666662;5.195718498;32.4813663155;26.19692361533333;21.59947285783333;48.676732393333324;41.38866251566666;52.78854382533333;26.199272183499996;54.04161637066666;16.595805521666666;

PM
7.994043190648799;0;0;
0;7.996213036210375;0;
0;0;8.000042850072516;

ELEG
1;1;1;1;1;1;1;1;1;1;0;1;1;1;0;1;1;1;1;1;
1;1;1;1;1;1;1;1;1;1;0;1;1;1;0;1;1;1;1;1;
1;1;1;1;1;1;1;1;1;1;1;1;1;1;1;1;1;1;1;1;

ELEG_PM
1;0;0;
0;1;0;
0;0;1;

MDS
0.13333333333333333;0.13333333333333333;0.13333333333333333;0.13333333333333333;0.13333333333333333;0.13333333333333333;0.13333333333333333;0.13333333333333333;0.13333333333333333;0.13333333333333333;0;0.13333333333333333;0.13333333333333333;0.13333333333333333;0;0.13333333333333333;0.13333333333333333;0.13333333333333333;0.13333333333333333;0.13333333333333333;
0.13333333333333333;0.13333333333333333;0.13333333333333333;0.13333333333333333;0.13333333333333333;0.13333333333333333;0.13333333333333333;0.13333333333333333;0.13333333333333333;0.13333333333333333;0;0.13333333333333333;0.13333333333333333;0.13333333333333333;0;0.13333333333333333;0.13333333333333333;0.13333333333333333;0.13333333333333333;0.13333333333333333;
0.13333333333333333;0.13333333333333333;0.13333333333333333;0.13333333333333333;0.13333333333333333;0.13333333333333333;0.13333333333333333;0.13333333333333333;0.13333333333333333;0.13333333333333333;0.13333333333333333;0.13333333333333333;0.13333333333333333;0.13333333333333333;0.13333333333333333;0.13333333333333333;0.13333333333333333;0.13333333333333333;0.13333333333333333;0.13333333333333333;

SDS
M_0
0.13333333333333333;3.4666666666666663;3.4666666666666663;3.4666666666666663;0.13333333333333333;3.4666666666666663;3.4666666666666663;3.4666666666666663;3.4666666666666663;0.13333333333333333;0;1.7999999999999998;3.4666666666666663;3.4666666666666663;0;3.4666666666666663;3.6333333333333333;3.4666666666666663;3.6333333333333333;3.4666666666666663;
3.4666666666666663;0.13333333333333333;3.4666666666666663;1.7999999999999998;3.4666666666666663;3.4666666666666663;3.4666666666666663;0.13333333333333333;1.7999999999999998;3.4666666666666663;0;3.4666666666666663;1.7999999999999998;3.4666666666666663;0;1.7999999999999998;1.9666666666666666;1.7999999999999998;3.6333333333333333;0.7999999999999999;
3.4666666666666663;3.4666666666666663;0.13333333333333333;3.4666666666666663;3.4666666666666663;0.7999999999999999;1.7999999999999998;3.4666666666666663;3.4666666666666663;3.4666666666666663;0;3.4666666666666663;3.4666666666666663;1.7999999999999998;0;3.4666666666666663;3.6333333333333333;3.4666666666666663;1.9666666666666666;3.4666666666666663;
3.4666666666666663;1.7999999999999998;3.4666666666666663;0.13333333333333333;3.4666666666666663;3.4666666666666663;2.466666666666667;1.7999999999999998;0.7999999999999999;3.4666666666666663;0;3.4666666666666663;1.7999999999999998;2.466666666666667;0;0.13333333333333333;1.9666666666666666;1.7999999999999998;3.6333333333333333;1.7999999999999998;
0.13333333333333333;3.4666666666666663;3.4666666666666663;3.4666666666666663;0.13333333333333333;3.4666666666666663;3.4666666666666663;3.4666666666666663;3.4666666666666663;0.13333333333333333;0;1.7999999999999998;3.4666666666666663;3.4666666666666663;0;3.4666666666666663;3.6333333333333333;3.4666666666666663;3.6333333333333333;3.4666666666666663;
3.4666666666666663;3.4666666666666663;0.7999999999999999;3.4666666666666663;3.4666666666666663;0.13333333333333333;1.7999999999999998;3.4666666666666663;3.4666666666666663;3.4666666666666663;0;3.4666666666666663;3.4666666666666663;1.7999999999999998;0;3.4666666666666663;3.6333333333333333;3.4666666666666663;1.9666666666666666;3.4666666666666663;
3.4666666666666663;3.4666666666666663;1.7999999999999998;2.466666666666667;3.4666666666666663;1.7999999999999998;0.13333333333333333;3.4666666666666663;2.466666666666667;3.4666666666666663;0;3.4666666666666663;3.4666666666666663;0.7999999999999999;0;2.466666666666667;3.6333333333333333;3.4666666666666663;1.9666666666666666;3.4666666666666663;
3.4666666666666663;0.13333333333333333;3.4666666666666663;1.7999999999999998;3.4666666666666663;3.4666666666666663;3.4666666666666663;0.13333333333333333;1.7999999999999998;3.4666666666666663;0;3.4666666666666663;1.7999999999999998;3.4666666666666663;0;1.7999999999999998;1.9666666666666666;1.7999999999999998;3.6333333333333333;0.7999999999999999;
3.4666666666666663;1.7999999999999998;3.4666666666666663;0.7999999999999999;3.4666666666666663;3.4666666666666663;2.466666666666667;1.7999999999999998;0.13333333333333333;3.4666666666666663;0;3.4666666666666663;1.7999999999999998;2.466666666666667;0;0.7999999999999999;1.9666666666666666;1.7999999999999998;3.6333333333333333;1.7999999999999998;
0.13333333333333333;3.4666666666666663;3.4666666666666663;3.4666666666666663;0.13333333333333333;3.4666666666666663;3.4666666666666663;3.4666666666666663;3.4666666666666663;0.13333333333333333;0;1.7999999999999998;3.4666666666666663;3.4666666666666663;0;3.4666666666666663;3.6333333333333333;3.4666666666666663;3.6333333333333333;3.4666666666666663;
0;0;0;0;0;0;0;0;0;0;0;0;0;0;0;0;0;0;0;0;
1.7999999999999998;3.4666666666666663;3.4666666666666663;3.4666666666666663;1.7999999999999998;3.4666666666666663;3.4666666666666663;3.4666666666666663;3.4666666666666663;1.7999999999999998;0;0.13333333333333333;3.4666666666666663;3.4666666666666663;0;3.4666666666666663;3.6333333333333333;3.4666666666666663;3.6333333333333333;3.4666666666666663;
3.4666666666666663;1.7999999999999998;3.4666666666666663;1.7999999999999998;3.4666666666666663;3.4666666666666663;3.4666666666666663;1.7999999999999998;1.7999999999999998;3.4666666666666663;0;3.4666666666666663;0.13333333333333333;3.4666666666666663;0;1.7999999999999998;1.9666666666666666;0.7999999999999999;3.6333333333333333;1.7999999999999998;
3.4666666666666663;3.4666666666666663;1.7999999999999998;2.466666666666667;3.4666666666666663;1.7999999999999998;0.7999999999999999;3.4666666666666663;2.466666666666667;3.4666666666666663;0;3.4666666666666663;3.4666666666666663;0.13333333333333333;0;2.466666666666667;3.6333333333333333;3.4666666666666663;1.9666666666666666;3.4666666666666663;
0;0;0;0;0;0;0;0;0;0;0;0;0;0;0;0;0;0;0;0;
3.4666666666666663;1.7999999999999998;3.4666666666666663;0.13333333333333333;3.4666666666666663;3.4666666666666663;2.466666666666667;1.7999999999999998;0.7999999999999999;3.4666666666666663;0;3.4666666666666663;1.7999999999999998;2.466666666666667;0;0.13333333333333333;1.9666666666666666;1.7999999999999998;3.6333333333333333;1.7999999999999998;
3.6333333333333333;1.9666666666666666;3.6333333333333333;1.9666666666666666;3.6333333333333333;3.6333333333333333;3.6333333333333333;1.9666666666666666;1.9666666666666666;3.6333333333333333;0;3.6333333333333333;1.9666666666666666;3.6333333333333333;0;1.9666666666666666;0.13333333333333333;1.9666666666666666;3.4666666666666663;1.9666666666666666;
3.4666666666666663;1.7999999999999998;3.4666666666666663;1.7999999999999998;3.4666666666666663;3.4666666666666663;3.4666666666666663;1.7999999999999998;1.7999999999999998;3.4666666666666663;0;3.4666666666666663;0.7999999999999999;3.4666666666666663;0;1.7999999999999998;1.9666666666666666;0.13333333333333333;3.6333333333333333;1.7999999999999998;
3.6333333333333333;3.6333333333333333;1.9666666666666666;3.6333333333333333;3.6333333333333333;1.9666666666666666;1.9666666666666666;3.6333333333333333;3.6333333333333333;3.6333333333333333;0;3.6333333333333333;3.6333333333333333;1.9666666666666666;0;3.6333333333333333;3.4666666666666663;3.6333333333333333;0.13333333333333333;3.6333333333333333;
3.4666666666666663;0.7999999999999999;3.4666666666666663;1.7999999999999998;3.4666666666666663;3.4666666666666663;3.4666666666666663;0.7999999999999999;1.7999999999999998;3.4666666666666663;0;3.4666666666666663;1.7999999999999998;3.4666666666666663;0;1.7999999999999998;1.9666666666666666;1.7999999999999998;3.6333333333333333;0.13333333333333333;

M_1
0.13333333333333333;3.4666666666666663;3.4666666666666663;3.4666666666666663;0.13333333333333333;3.4666666666666663;3.4666666666666663;3.4666666666666663;3.4666666666666663;0.13333333333333333;0;1.7999999999999998;3.4666666666666663;3.4666666666666663;0;3.4666666666666663;3.6333333333333333;3.4666666666666663;3.6333333333333333;3.4666666666666663;
3.4666666666666663;0.13333333333333333;3.4666666666666663;1.7999999999999998;3.4666666666666663;3.4666666666666663;3.4666666666666663;0.13333333333333333;1.7999999999999998;3.4666666666666663;0;3.4666666666666663;1.7999999999999998;3.4666666666666663;0;1.7999999999999998;1.9666666666666666;1.7999999999999998;3.6333333333333333;0.7999999999999999;
3.4666666666666663;3.4666666666666663;0.13333333333333333;3.4666666666666663;3.4666666666666663;0.7999999999999999;1.7999999999999998;3.4666666666666663;3.4666666666666663;3.4666666666666663;0;3.4666666666666663;3.4666666666666663;1.7999999999999998;0;3.4666666666666663;3.6333333333333333;3.4666666666666663;1.9666666666666666;3.4666666666666663;
3.4666666666666663;1.7999999999999998;3.4666666666666663;0.13333333333333333;3.4666666666666663;3.4666666666666663;2.466666666666667;1.7999999999999998;0.7999999999999999;3.4666666666666663;0;3.4666666666666663;1.7999999999999998;2.466666666666667;0;0.13333333333333333;1.9666666666666666;1.7999999999999998;3.6333333333333333;1.7999999999999998;
0.13333333333333333;3.4666666666666663;3.4666666666666663;3.4666666666666663;0.13333333333333333;3.4666666666666663;3.4666666666666663;3.4666666666666663;3.4666666666666663;0.13333333333333333;0;1.7999999999999998;3.4666666666666663;3.4666666666666663;0;3.4666666666666663;3.6333333333333333;3.4666666666666663;3.6333333333333333;3.4666666666666663;
3.4666666666666663;3.4666666666666663;0.7999999999999999;3.4666666666666663;3.4666666666666663;0.13333333333333333;1.7999999999999998;3.4666666666666663;3.4666666666666663;3.4666666666666663;0;3.4666666666666663;3.4666666666666663;1.7999999999999998;0;3.4666666666666663;3.6333333333333333;3.4666666666666663;1.9666666666666666;3.4666666666666663;
3.4666666666666663;3.4666666666666663;1.7999999999999998;2.466666666666667;3.4666666666666663;1.7999999999999998;0.13333333333333333;3.4666666666666663;2.466666666666667;3.4666666666666663;0;3.4666666666666663;3.4666666666666663;0.7999999999999999;0;2.466666666666667;3.6333333333333333;3.4666666666666663;1.9666666666666666;3.4666666666666663;
3.4666666666666663;0.13333333333333333;3.4666666666666663;1.7999999999999998;3.4666666666666663;3.4666666666666663;3.4666666666666663;0.13333333333333333;1.7999999999999998;3.4666666666666663;0;3.4666666666666663;1.7999999999999998;3.4666666666666663;0;1.7999999999999998;1.9666666666666666;1.7999999999999998;3.6333333333333333;0.7999999999999999;
3.4666666666666663;1.7999999999999998;3.4666666666666663;0.7999999999999999;3.4666666666666663;3.4666666666666663;2.466666666666667;1.7999999999999998;0.13333333333333333;3.4666666666666663;0;3.4666666666666663;1.7999999999999998;2.466666666666667;0;0.7999999999999999;1.9666666666666666;1.7999999999999998;3.6333333333333333;1.7999999999999998;
0.13333333333333333;3.4666666666666663;3.4666666666666663;3.4666666666666663;0.13333333333333333;3.4666666666666663;3.4666666666666663;3.4666666666666663;3.4666666666666663;0.13333333333333333;0;1.7999999999999998;3.4666666666666663;3.4666666666666663;0;3.4666666666666663;3.6333333333333333;3.4666666666666663;3.6333333333333333;3.4666666666666663;
0;0;0;0;0;0;0;0;0;0;0;0;0;0;0;0;0;0;0;0;
1.7999999999999998;3.4666666666666663;3.4666666666666663;3.4666666666666663;1.7999999999999998;3.4666666666666663;3.4666666666666663;3.4666666666666663;3.4666666666666663;1.7999999999999998;0;0.13333333333333333;3.4666666666666663;3.4666666666666663;0;3.4666666666666663;3.6333333333333333;3.4666666666666663;3.6333333333333333;3.4666666666666663;
3.4666666666666663;1.7999999999999998;3.4666666666666663;1.7999999999999998;3.4666666666666663;3.4666666666666663;3.4666666666666663;1.7999999999999998;1.7999999999999998;3.4666666666666663;0;3.4666666666666663;0.13333333333333333;3.4666666666666663;0;1.7999999999999998;1.9666666666666666;0.7999999999999999;3.6333333333333333;1.7999999999999998;
3.4666666666666663;3.4666666666666663;1.7999999999999998;2.466666666666667;3.4666666666666663;1.7999999999999998;0.7999999999999999;3.4666666666666663;2.466666666666667;3.4666666666666663;0;3.4666666666666663;3.4666666666666663;0.13333333333333333;0;2.466666666666667;3.6333333333333333;3.4666666666666663;1.9666666666666666;3.4666666666666663;
0;0;0;0;0;0;0;0;0;0;0;0;0;0;0;0;0;0;0;0;
3.4666666666666663;1.7999999999999998;3.4666666666666663;0.13333333333333333;3.4666666666666663;3.4666666666666663;2.466666666666667;1.7999999999999998;0.7999999999999999;3.4666666666666663;0;3.4666666666666663;1.7999999999999998;2.466666666666667;0;0.13333333333333333;1.9666666666666666;1.7999999999999998;3.6333333333333333;1.7999999999999998;
3.6333333333333333;1.9666666666666666;3.6333333333333333;1.9666666666666666;3.6333333333333333;3.6333333333333333;3.6333333333333333;1.9666666666666666;1.9666666666666666;3.6333333333333333;0;3.6333333333333333;1.9666666666666666;3.6333333333333333;0;1.9666666666666666;0.13333333333333333;1.9666666666666666;3.4666666666666663;1.9666666666666666;
3.4666666666666663;1.7999999999999998;3.4666666666666663;1.7999999999999998;3.4666666666666663;3.4666666666666663;3.4666666666666663;1.7999999999999998;1.7999999999999998;3.4666666666666663;0;3.4666666666666663;0.7999999999999999;3.4666666666666663;0;1.7999999999999998;1.9666666666666666;0.13333333333333333;3.6333333333333333;1.7999999999999998;
3.6333333333333333;3.6333333333333333;1.9666666666666666;3.6333333333333333;3.6333333333333333;1.9666666666666666;1.9666666666666666;3.6333333333333333;3.6333333333333333;3.6333333333333333;0;3.6333333333333333;3.6333333333333333;1.9666666666666666;0;3.6333333333333333;3.4666666666666663;3.6333333333333333;0.13333333333333333;3.6333333333333333;
3.4666666666666663;0.7999999999999999;3.4666666666666663;1.7999999999999998;3.4666666666666663;3.4666666666666663;3.4666666666666663;0.7999999999999999;1.7999999999999998;3.4666666666666663;0;3.4666666666666663;1.7999999999999998;3.4666666666666663;0;1.7999999999999998;1.9666666666666666;1.7999999999999998;3.6333333333333333;0.13333333333333333;

M_2
0.13333333333333333;3.4666666666666663;3.4666666666666663;3.4666666666666663;0.13333333333333333;3.4666666666666663;3.4666666666666663;3.4666666666666663;3.4666666666666663;0.13333333333333333;3.4666666666666663;1.7999999999999998;3.4666666666666663;3.4666666666666663;3.4666666666666663;3.4666666666666663;3.6333333333333333;3.4666666666666663;3.6333333333333333;3.4666666666666663;
3.4666666666666663;0.13333333333333333;3.4666666666666663;1.7999999999999998;3.4666666666666663;3.4666666666666663;3.4666666666666663;0.13333333333333333;1.7999999999999998;3.4666666666666663;1.7999999999999998;3.4666666666666663;1.7999999999999998;3.4666666666666663;1.7999999999999998;1.7999999999999998;1.9666666666666666;1.7999999999999998;3.6333333333333333;0.7999999999999999;
3.4666666666666663;3.4666666666666663;0.13333333333333333;3.4666666666666663;3.4666666666666663;0.7999999999999999;1.7999999999999998;3.4666666666666663;3.4666666666666663;3.4666666666666663;3.4666666666666663;3.4666666666666663;3.4666666666666663;1.7999999999999998;3.4666666666666663;3.4666666666666663;3.6333333333333333;3.4666666666666663;1.9666666666666666;3.4666666666666663;
3.4666666666666663;1.7999999999999998;3.4666666666666663;0.13333333333333333;3.4666666666666663;3.4666666666666663;2.466666666666667;1.7999999999999998;0.7999999999999999;3.4666666666666663;1.7999999999999998;3.4666666666666663;1.7999999999999998;2.466666666666667;1.7999999999999998;0.13333333333333333;1.9666666666666666;1.7999999999999998;3.6333333333333333;1.7999999999999998;
0.13333333333333333;3.4666666666666663;3.4666666666666663;3.4666666666666663;0.13333333333333333;3.4666666666666663;3.4666666666666663;3.4666666666666663;3.4666666666666663;0.13333333333333333;3.4666666666666663;1.7999999999999998;3.4666666666666663;3.4666666666666663;3.4666666666666663;3.4666666666666663;3.6333333333333333;3.4666666666666663;3.6333333333333333;3.4666666666666663;
3.4666666666666663;3.4666666666666663;0.7999999999999999;3.4666666666666663;3.4666666666666663;0.13333333333333333;1.7999999999999998;3.4666666666666663;3.4666666666666663;3.4666666666666663;3.4666666666666663;3.4666666666666663;3.4666666666666663;1.7999999999999998;3.4666666666666663;3.4666666666666663;3.6333333333333333;3.4666666666666663;1.9666666666666666;3.4666666666666663;
3.4666666666666663;3.4666666666666663;1.7999999999999998;2.466666666666667;3.4666666666666663;1.7999999999999998;0.13333333333333333;3.4666666666666663;2.466666666666667;3.4666666666666663;3.4666666666666663;3.4666666666666663;3.4666666666666663;0.7999999999999999;3.4666666666666663;2.466666666666667;3.6333333333333333;3.4666666666666663;1.9666666666666666;3.4666666666666663;
3.4666666666666663;0.13333333333333333;3.4666666666666663;1.7999999999999998;3.4666666666666663;3.4666666666666663;3.4666666666666663;0.13333333333333333;1.7999999999999998;3.4666666666666663;1.7999999999999998;3.4666666666666663;1.7999999999999998;3.4666666666666663;1.7999999999999998;1.7999999999999998;1.9666666666666666;1.7999999999999998;3.6333333333333333;0.7999999999999999;
3.4666666666666663;1.7999999999999998;3.4666666666666663;0.7999999999999999;3.4666666666666663;3.4666666666666663;2.466666666666667;1.7999999999999998;0.13333333333333333;3.4666666666666663;1.7999999999999998;3.4666666666666663;1.7999999999999998;2.466666666666667;1.7999999999999998;0.7999999999999999;1.9666666666666666;1.7999999999999998;3.6333333333333333;1.7999999999999998;
0.13333333333333333;3.4666666666666663;3.4666666666666663;3.4666666666666663;0.13333333333333333;3.4666666666666663;3.4666666666666663;3.4666666666666663;3.4666666666666663;0.13333333333333333;3.4666666666666663;1.7999999999999998;3.4666666666666663;3.4666666666666663;3.4666666666666663;3.4666666666666663;3.6333333333333333;3.4666666666666663;3.6333333333333333;3.4666666666666663;
3.4666666666666663;1.7999999999999998;3.4666666666666663;1.7999999999999998;3.4666666666666663;3.4666666666666663;3.4666666666666663;1.7999999999999998;1.7999999999999998;3.4666666666666663;0.13333333333333333;3.4666666666666663;1.7999999999999998;3.4666666666666663;1.7999999999999998;1.7999999999999998;0.9666666666666667;1.7999999999999998;3.6333333333333333;1.7999999999999998;
1.7999999999999998;3.4666666666666663;3.4666666666666663;3.4666666666666663;1.7999999999999998;3.4666666666666663;3.4666666666666663;3.4666666666666663;3.4666666666666663;1.7999999999999998;3.4666666666666663;0.13333333333333333;3.4666666666666663;3.4666666666666663;3.4666666666666663;3.4666666666666663;3.6333333333333333;3.4666666666666663;3.6333333333333333;3.4666666666666663;
3.4666666666666663;1.7999999999999998;3.4666666666666663;1.7999999999999998;3.4666666666666663;3.4666666666666663;3.4666666666666663;1.7999999999999998;1.7999999999999998;3.4666666666666663;1.7999999999999998;3.4666666666666663;0.13333333333333333;3.4666666666666663;1.7999999999999998;1.7999999999999998;1.9666666666666666;0.7999999999999999;3.6333333333333333;1.7999999999999998;
3.4666666666666663;3.4666666666666663;1.7999999999999998;2.466666666666667;3.4666666666666663;1.7999999999999998;0.7999999999999999;3.4666666666666663;2.466666666666667;3.4666666666666663;3.4666666666666663;3.4666666666666663;3.4666666666666663;0.13333333333333333;3.4666666666666663;2.466666666666667;3.6333333333333333;3.4666666666666663;1.9666666666666666;3.4666666666666663;
3.4666666666666663;1.7999999999999998;3.4666666666666663;1.7999999999999998;3.4666666666666663;3.4666666666666663;3.4666666666666663;1.7999999999999998;1.7999999999999998;3.4666666666666663;1.7999999999999998;3.4666666666666663;1.7999999999999998;3.4666666666666663;0.13333333333333333;1.7999999999999998;1.9666666666666666;1.7999999999999998;3.6333333333333333;1.7999999999999998;
3.4666666666666663;1.7999999999999998;3.4666666666666663;0.13333333333333333;3.4666666666666663;3.4666666666666663;2.466666666666667;1.7999999999999998;0.7999999999999999;3.4666666666666663;1.7999999999999998;3.4666666666666663;1.7999999999999998;2.466666666666667;1.7999999999999998;0.13333333333333333;1.9666666666666666;1.7999999999999998;3.6333333333333333;1.7999999999999998;
3.6333333333333333;1.9666666666666666;3.6333333333333333;1.9666666666666666;3.6333333333333333;3.6333333333333333;3.6333333333333333;1.9666666666666666;1.9666666666666666;3.6333333333333333;0.9666666666666667;3.6333333333333333;1.9666666666666666;3.6333333333333333;1.9666666666666666;1.9666666666666666;0.13333333333333333;1.9666666666666666;3.4666666666666663;1.9666666666666666;
3.4666666666666663;1.7999999999999998;3.4666666666666663;1.7999999999999998;3.4666666666666663;3.4666666666666663;3.4666666666666663;1.7999999999999998;1.7999999999999998;3.4666666666666663;1.7999999999999998;3.4666666666666663;0.7999999999999999;3.4666666666666663;1.7999999999999998;1.7999999999999998;1.9666666666666666;0.13333333333333333;3.6333333333333333;1.7999999999999998;
3.6333333333333333;3.6333333333333333;1.9666666666666666;3.6333333333333333;3.6333333333333333;1.9666666666666666;1.9666666666666666;3.6333333333333333;3.6333333333333333;3.6333333333333333;3.6333333333333333;3.6333333333333333;3.6333333333333333;1.9666666666666666;3.6333333333333333;3.6333333333333333;3.4666666666666663;3.6333333333333333;0.13333333333333333;3.6333333333333333;
3.4666666666666663;0.7999999999999999;3.4666666666666663;1.7999999999999998;3.4666666666666663;3.4666666666666663;3.4666666666666663;0.7999999999999999;1.7999999999999998;3.4666666666666663;1.7999999999999998;3.4666666666666663;1.7999999999999998;3.4666666666666663;1.7999999999999998;1.7999999999999998;1.9666666666666666;1.7999999999999998;3.6333333333333333;0.13333333333333333;

S_PM
1.99711688739579;0;0;
0;1.995294554226703;0;
0;0;1.996837535289506;
